2.0	0.0	2.0	2.0	2.0	0.0	1.0	0.0	0.0	0.0	1.0	8	1.png
2.0	0.0	1.0	0.0	0.0	1.0	1.0	0.0	0.0	0.0	1.0	8	2.png
2.0	0.0	2.0	1.0	1.0	2.0	4.0	0.0	0.0	0.0	1.0	8	3.png
1.0	1.0	2.0	2.0	2.0	2.0	1.0	0.0	0.0	0.0	1.0	8	4.png
2.0	1.0	0.0	1.0	2.0	1.0	2.0	0.0	0.0	0.0	1.0	8	5.png
1.0	1.0	2.0	0.0	0.0	1.0	3.0	1.0	1.0	0.0	0.0	2	6.png
2.0	1.0	2.0	2.0	1.0	2.0	1.0	0.0	0.0	0.0	1.0	8	7.png
0.0	1.0	0.0	1.0	2.0	1.0	2.0	0.0	0.0	0.0	1.0	8	8.png
0.0	1.0	0.0	1.0	1.0	1.0	5.0	0.0	0.0	1.0	0.0	7	9.png
2.0	1.0	2.0	0.0	1.0	2.0	1.0	0.0	0.0	0.0	1.0	8	10.png
0.0	1.0	0.0	1.0	2.0	2.0	3.0	0.0	0.0	0.0	1.0	8	100.png
0.0	1.0	0.0	1.0	2.0	1.0	3.0	0.0	0.0	0.0	1.0	8	101.png
2.0	1.0	0.0	1.0	2.0	2.0	3.0	0.0	0.0	0.0	1.0	8	102.png
2.0	1.0	2.0	2.0	2.0	2.0	2.0	0.0	0.0	0.0	1.0	8	103.png
1.0	1.0	2.0	2.0	0.0	1.0	5.0	0.0	0.0	0.0	1.0	8	104.png
0.0	1.0	2.0	2.0	2.0	2.0	0.0	0.0	0.0	0.0	1.0	8	105.png
0.0	1.0	2.0	2.0	1.0	0.0	1.0	0.0	0.0	1.0	0.0	7	106.png
0.0	1.0	2.0	1.0	1.0	2.0	1.0	0.0	0.0	1.0	0.0	7	107.png
1.0	1.0	0.0	1.0	2.0	0.0	2.0	0.0	0.0	0.0	1.0	8	108.png
0.0	1.0	0.0	1.0	1.0	0.0	6.0	0.0	0.0	1.0	0.0	7	109.png
0.0	1.0	0.0	1.0	2.0	2.0	2.0	0.0	0.0	0.0	1.0	8	11.png
2.0	1.0	2.0	2.0	2.0	1.0	2.0	0.0	0.0	0.0	1.0	8	110.png
0.0	0.0	2.0	0.0	0.0	2.0	0.0	0.0	0.0	0.0	1.0	8	111.png
0.0	0.0	0.0	1.0	2.0	0.0	1.0	0.0	0.0	0.0	1.0	8	112.png
2.0	1.0	0.0	1.0	1.0	2.0	1.0	0.0	0.0	0.0	1.0	8	113.png
0.0	1.0	2.0	2.0	1.0	1.0	4.0	0.0	0.0	1.0	0.0	7	114.png
0.0	1.0	2.0	2.0	0.0	1.0	1.0	0.0	0.0	1.0	0.0	7	115.png
1.0	0.0	2.0	2.0	2.0	2.0	1.0	0.0	0.0	0.0	1.0	8	116.png
1.0	1.0	2.0	2.0	2.0	2.0	1.0	0.0	0.0	0.0	1.0	8	117.png
1.0	0.0	2.0	0.0	2.0	2.0	1.0	0.0	0.0	0.0	1.0	8	118.png
2.0	1.0	0.0	1.0	2.0	1.0	1.0	0.0	0.0	0.0	1.0	8	12.png
0.0	0.0	0.0	1.0	1.0	2.0	1.0	0.0	0.0	0.0	1.0	8	120.png
0.0	1.0	0.0	1.0	2.0	2.0	1.0	0.0	0.0	0.0	1.0	8	121.png
0.0	1.0	0.0	1.0	1.0	2.0	1.0	0.0	0.0	1.0	0.0	7	122.png
0.0	1.0	0.0	1.0	2.0	2.0	1.0	0.0	0.0	0.0	1.0	8	123.png
0.0	0.0	0.0	1.0	1.0	2.0	2.0	0.0	0.0	0.0	1.0	8	124.png
0.0	0.0	0.0	1.0	1.0	2.0	2.0	0.0	0.0	0.0	1.0	8	125.png
1.0	0.0	0.0	1.0	1.0	2.0	2.0	0.0	0.0	0.0	1.0	8	126.png
2.0	1.0	0.0	1.0	1.0	2.0	2.0	0.0	0.0	0.0	1.0	8	127.png
0.0	0.0	2.0	2.0	2.0	1.0	2.0	0.0	0.0	0.0	1.0	8	128.png
0.0	0.0	2.0	2.0	2.0	1.0	2.0	0.0	0.0	0.0	1.0	8	129.png
2.0	1.0	2.0	0.0	1.0	2.0	1.0	0.0	0.0	0.0	1.0	8	13.png
0.0	0.0	2.0	2.0	2.0	1.0	2.0	0.0	0.0	0.0	1.0	8	130.png
0.0	1.0	2.0	2.0	2.0	1.0	2.0	0.0	0.0	0.0	1.0	8	131.png
0.0	1.0	0.0	1.0	2.0	2.0	2.0	0.0	0.0	0.0	1.0	8	132.png
0.0	1.0	0.0	1.0	2.0	2.0	2.0	0.0	0.0	0.0	1.0	8	133.png
0.0	1.0	0.0	1.0	2.0	2.0	2.0	0.0	0.0	0.0	1.0	8	134.png
0.0	1.0	0.0	1.0	1.0	2.0	2.0	0.0	0.0	1.0	0.0	7	135.png
2.0	1.0	0.0	0.0	0.0	1.0	2.0	0.0	0.0	0.0	1.0	8	136.png
1.0	1.0	2.0	0.0	0.0	1.0	2.0	1.0	0.0	0.0	0.0	4	137.png
1.0	0.0	2.0	0.0	0.0	1.0	2.0	0.0	0.0	0.0	1.0	8	138.png
2.0	0.0	2.0	2.0	2.0	2.0	5.0	0.0	0.0	0.0	1.0	8	139.png
0.0	1.0	2.0	0.0	0.0	1.0	3.0	0.0	1.0	1.0	0.0	5	14.png
0.0	0.0	2.0	0.0	1.0	2.0	5.0	0.0	0.0	0.0	1.0	8	140.png
2.0	0.0	2.0	0.0	2.0	2.0	5.0	0.0	0.0	0.0	1.0	8	141.png
0.0	1.0	2.0	2.0	2.0	2.0	2.0	0.0	0.0	0.0	1.0	8	142.png
1.0	1.0	0.0	2.0	1.0	2.0	2.0	0.0	0.0	0.0	1.0	8	143.png
2.0	1.0	2.0	0.0	0.0	2.0	2.0	0.0	0.0	0.0	1.0	8	144.png
1.0	1.0	2.0	2.0	2.0	2.0	2.0	0.0	0.0	0.0	1.0	8	145.png
0.0	0.0	2.0	0.0	2.0	2.0	1.0	0.0	0.0	0.0	1.0	8	146.png
0.0	1.0	2.0	1.0	2.0	1.0	1.0	0.0	0.0	0.0	1.0	8	147.png
0.0	1.0	2.0	2.0	2.0	1.0	1.0	0.0	0.0	0.0	1.0	8	148.png
0.0	0.0	2.0	2.0	2.0	2.0	0.0	0.0	0.0	0.0	1.0	8	149.png
2.0	1.0	2.0	2.0	2.0	2.0	3.0	0.0	0.0	0.0	1.0	8	15.png
2.0	0.0	1.0	0.0	2.0	2.0	1.0	0.0	0.0	0.0	1.0	8	150.png
2.0	1.0	2.0	0.0	2.0	2.0	1.0	0.0	0.0	0.0	1.0	8	151.png
1.0	1.0	1.0	0.0	2.0	2.0	1.0	0.0	0.0	0.0	1.0	8	152.png
1.0	0.0	1.0	0.0	2.0	2.0	0.0	0.0	0.0	0.0	1.0	8	153.png
2.0	0.0	2.0	0.0	2.0	1.0	1.0	0.0	0.0	0.0	1.0	8	154.png
0.0	0.0	2.0	0.0	2.0	1.0	1.0	0.0	0.0	0.0	1.0	8	155.png
2.0	1.0	2.0	0.0	2.0	2.0	1.0	0.0	0.0	0.0	1.0	8	156.png
2.0	1.0	1.0	0.0	2.0	2.0	1.0	0.0	0.0	0.0	1.0	8	157.png
1.0	0.0	1.0	0.0	0.0	1.0	1.0	0.0	0.0	0.0	1.0	8	158.png
2.0	0.0	2.0	0.0	2.0	2.0	1.0	0.0	0.0	0.0	1.0	8	159.png
2.0	1.0	2.0	2.0	2.0	2.0	1.0	0.0	0.0	0.0	1.0	8	16.png
0.0	0.0	2.0	0.0	2.0	2.0	0.0	0.0	0.0	0.0	1.0	8	160.png
0.0	1.0	2.0	2.0	2.0	2.0	1.0	0.0	0.0	0.0	1.0	8	161.png
2.0	0.0	2.0	0.0	0.0	1.0	1.0	0.0	0.0	0.0	1.0	8	162.png
0.0	1.0	1.0	0.0	0.0	1.0	1.0	0.0	0.0	1.0	0.0	7	163.png
0.0	0.0	2.0	0.0	0.0	1.0	0.0	0.0	0.0	0.0	1.0	8	164.png
1.0	0.0	2.0	0.0	2.0	1.0	1.0	0.0	0.0	0.0	1.0	8	165.png
1.0	0.0	2.0	0.0	0.0	1.0	1.0	0.0	0.0	0.0	1.0	8	166.png
0.0	0.0	2.0	0.0	0.0	1.0	0.0	0.0	0.0	0.0	1.0	8	167.png
1.0	0.0	2.0	0.0	0.0	1.0	0.0	0.0	0.0	0.0	1.0	8	168.png
0.0	0.0	1.0	0.0	0.0	1.0	0.0	0.0	0.0	0.0	1.0	8	169.png
2.0	1.0	2.0	2.0	1.0	0.0	5.0	0.0	0.0	0.0	1.0	8	17.png
0.0	0.0	2.0	0.0	0.0	1.0	1.0	0.0	0.0	0.0	1.0	8	170.png
0.0	0.0	1.0	0.0	2.0	2.0	1.0	0.0	0.0	0.0	1.0	8	171.png
1.0	0.0	2.0	0.0	0.0	2.0	1.0	0.0	0.0	0.0	1.0	8	172.png
0.0	1.0	2.0	0.0	0.0	1.0	2.0	0.0	0.0	1.0	0.0	7	173.png
0.0	1.0	2.0	1.0	1.0	1.0	1.0	0.0	0.0	1.0	0.0	7	175.png
2.0	1.0	0.0	1.0	1.0	0.0	2.0	0.0	0.0	0.0	1.0	8	176.png
2.0	1.0	2.0	2.0	2.0	1.0	1.0	0.0	0.0	0.0	1.0	8	177.png
0.0	1.0	2.0	0.0	2.0	2.0	3.0	0.0	1.0	0.0	0.0	6	178.png
2.0	1.0	0.0	1.0	1.0	0.0	4.0	0.0	0.0	0.0	1.0	8	179.png
2.0	0.0	2.0	2.0	1.0	1.0	3.0	0.0	0.0	0.0	1.0	8	180.png
2.0	1.0	0.0	1.0	1.0	2.0	4.0	0.0	0.0	0.0	1.0	8	181.png
0.0	1.0	0.0	1.0	1.0	0.0	2.0	0.0	0.0	1.0	0.0	7	182.png
2.0	1.0	2.0	1.0	1.0	0.0	6.0	0.0	0.0	0.0	1.0	8	183.png
0.0	1.0	2.0	2.0	2.0	1.0	3.0	0.0	0.0	0.0	1.0	8	184.png
0.0	1.0	2.0	1.0	1.0	1.0	2.0	0.0	0.0	1.0	0.0	7	185.png
1.0	1.0	0.0	1.0	1.0	0.0	3.0	0.0	0.0	0.0	1.0	8	186.png
0.0	1.0	1.0	0.0	0.0	1.0	2.0	0.0	0.0	1.0	0.0	7	187.png
2.0	1.0	0.0	1.0	1.0	1.0	3.0	0.0	0.0	0.0	1.0	8	188.png
0.0	1.0	0.0	2.0	2.0	2.0	3.0	0.0	0.0	0.0	1.0	8	189.png
0.0	1.0	0.0	1.0	2.0	2.0	3.0	0.0	0.0	0.0	1.0	8	190.png
0.0	1.0	0.0	1.0	1.0	2.0	1.0	0.0	0.0	1.0	0.0	7	191.png
0.0	1.0	0.0	1.0	1.0	1.0	2.0	0.0	0.0	1.0	0.0	7	192.png
0.0	0.0	1.0	2.0	2.0	1.0	5.0	0.0	0.0	0.0	1.0	8	193.png
0.0	1.0	0.0	2.0	2.0	1.0	2.0	0.0	0.0	0.0	1.0	8	194.png
0.0	0.0	1.0	0.0	2.0	2.0	5.0	0.0	0.0	0.0	1.0	8	195.png
0.0	0.0	1.0	2.0	2.0	1.0	5.0	0.0	0.0	0.0	1.0	8	196.png
0.0	0.0	1.0	0.0	2.0	1.0	5.0	0.0	0.0	0.0	1.0	8	197.png
0.0	1.0	2.0	2.0	2.0	2.0	3.0	0.0	0.0	0.0	1.0	8	198.png
0.0	0.0	2.0	0.0	2.0	1.0	3.0	0.0	1.0	0.0	0.0	6	200.png
2.0	0.0	2.0	0.0	2.0	1.0	3.0	0.0	0.0	0.0	1.0	8	201.png
0.0	1.0	1.0	0.0	0.0	1.0	3.0	0.0	1.0	1.0	0.0	5	202.png
2.0	1.0	0.0	1.0	2.0	2.0	3.0	0.0	0.0	0.0	1.0	8	203.png
0.0	1.0	0.0	1.0	2.0	2.0	2.0	0.0	0.0	0.0	1.0	8	204.png
2.0	1.0	0.0	1.0	1.0	2.0	3.0	0.0	0.0	0.0	1.0	8	205.png
0.0	1.0	0.0	1.0	1.0	1.0	3.0	0.0	0.0	1.0	0.0	7	206.png
0.0	1.0	0.0	1.0	2.0	1.0	3.0	0.0	0.0	0.0	1.0	8	207.png
2.0	1.0	0.0	1.0	0.0	1.0	3.0	0.0	0.0	0.0	1.0	8	208.png
0.0	0.0	2.0	2.0	2.0	1.0	2.0	0.0	0.0	0.0	1.0	8	209.png
2.0	0.0	1.0	0.0	0.0	1.0	2.0	0.0	0.0	0.0	1.0	8	210.png
2.0	0.0	2.0	0.0	0.0	1.0	2.0	0.0	0.0	0.0	1.0	8	211.png
2.0	1.0	0.0	1.0	1.0	0.0	2.0	0.0	0.0	0.0	1.0	8	212.png
1.0	1.0	0.0	1.0	1.0	0.0	2.0	0.0	0.0	0.0	1.0	8	213.png
2.0	1.0	1.0	2.0	0.0	2.0	5.0	0.0	0.0	0.0	1.0	8	214.png
2.0	1.0	1.0	0.0	2.0	2.0	1.0	0.0	0.0	0.0	1.0	8	215.png
0.0	1.0	0.0	1.0	1.0	2.0	2.0	0.0	0.0	1.0	0.0	7	216.png
0.0	1.0	0.0	1.0	2.0	2.0	2.0	0.0	0.0	0.0	1.0	8	217.png
2.0	1.0	0.0	1.0	1.0	2.0	2.0	0.0	0.0	0.0	1.0	8	218.png
2.0	1.0	0.0	1.0	1.0	0.0	4.0	0.0	0.0	0.0	1.0	8	219.png
2.0	1.0	0.0	1.0	1.0	0.0	4.0	0.0	0.0	0.0	1.0	8	220.png
2.0	1.0	0.0	1.0	2.0	0.0	4.0	0.0	0.0	0.0	1.0	8	221.png
0.0	1.0	0.0	1.0	2.0	1.0	6.0	0.0	0.0	0.0	1.0	8	222.png
2.0	1.0	0.0	1.0	2.0	1.0	6.0	0.0	0.0	0.0	1.0	8	223.png
1.0	1.0	0.0	1.0	2.0	1.0	6.0	0.0	0.0	0.0	1.0	8	224.png
2.0	1.0	2.0	0.0	0.0	1.0	2.0	0.0	0.0	0.0	1.0	8	225.png
1.0	1.0	2.0	2.0	1.0	1.0	4.0	0.0	0.0	0.0	1.0	8	226.png
2.0	1.0	2.0	1.0	2.0	1.0	2.0	0.0	0.0	0.0	1.0	8	227.png
0.0	1.0	2.0	2.0	2.0	2.0	2.0	0.0	0.0	0.0	1.0	8	228.png
0.0	0.0	2.0	0.0	0.0	1.0	3.0	0.0	1.0	0.0	0.0	6	229.png
1.0	0.0	2.0	0.0	2.0	1.0	4.0	0.0	1.0	0.0	0.0	6	230.png
0.0	1.0	0.0	1.0	1.0	2.0	1.0	0.0	0.0	1.0	0.0	7	231.png
2.0	0.0	2.0	2.0	1.0	0.0	2.0	0.0	0.0	0.0	1.0	8	232.png
0.0	0.0	2.0	2.0	1.0	0.0	1.0	0.0	0.0	0.0	1.0	8	233.png
0.0	0.0	2.0	2.0	2.0	1.0	5.0	0.0	0.0	0.0	1.0	8	234.png
0.0	1.0	2.0	1.0	2.0	1.0	2.0	0.0	0.0	0.0	1.0	8	235.png
0.0	1.0	0.0	1.0	1.0	1.0	2.0	0.0	0.0	1.0	0.0	7	236.png
0.0	1.0	2.0	2.0	0.0	1.0	2.0	0.0	0.0	1.0	0.0	7	237.png
0.0	1.0	2.0	2.0	1.0	2.0	1.0	0.0	0.0	1.0	0.0	7	238.png
0.0	0.0	2.0	2.0	2.0	2.0	1.0	0.0	0.0	0.0	1.0	8	239.png
0.0	0.0	2.0	2.0	1.0	2.0	1.0	0.0	0.0	0.0	1.0	8	240.png
2.0	0.0	2.0	2.0	1.0	2.0	1.0	0.0	0.0	0.0	1.0	8	241.png
0.0	1.0	0.0	1.0	1.0	0.0	2.0	0.0	0.0	1.0	0.0	7	242.png
2.0	1.0	0.0	1.0	1.0	0.0	2.0	0.0	0.0	0.0	1.0	8	243.png
0.0	1.0	0.0	1.0	1.0	0.0	2.0	0.0	0.0	1.0	0.0	7	244.png
0.0	1.0	0.0	1.0	1.0	0.0	2.0	0.0	0.0	1.0	0.0	7	245.png
0.0	1.0	2.0	1.0	2.0	1.0	2.0	0.0	0.0	0.0	1.0	8	246.png
2.0	1.0	2.0	1.0	1.0	1.0	2.0	0.0	0.0	0.0	1.0	8	247.png
2.0	0.0	2.0	2.0	2.0	1.0	5.0	0.0	0.0	0.0	1.0	8	248.png
2.0	1.0	2.0	2.0	2.0	1.0	6.0	0.0	0.0	0.0	1.0	8	249.png
0.0	1.0	0.0	1.0	2.0	1.0	5.0	0.0	0.0	0.0	1.0	8	250.png
0.0	1.0	2.0	1.0	0.0	1.0	1.0	0.0	0.0	1.0	0.0	7	251.png
0.0	1.0	2.0	2.0	0.0	1.0	1.0	0.0	0.0	1.0	0.0	7	252.png
2.0	0.0	2.0	2.0	0.0	1.0	1.0	0.0	0.0	0.0	1.0	8	253.png
0.0	1.0	2.0	1.0	1.0	0.0	1.0	0.0	0.0	1.0	0.0	7	254.png
0.0	1.0	2.0	1.0	1.0	0.0	1.0	0.0	0.0	1.0	0.0	7	255.png
2.0	0.0	2.0	2.0	1.0	0.0	1.0	0.0	0.0	0.0	1.0	8	256.png
0.0	0.0	2.0	2.0	1.0	0.0	1.0	0.0	0.0	0.0	1.0	8	257.png
0.0	1.0	0.0	1.0	2.0	2.0	6.0	0.0	0.0	0.0	1.0	8	258.png
2.0	1.0	0.0	1.0	1.0	2.0	6.0	0.0	0.0	0.0	1.0	8	259.png
0.0	1.0	0.0	1.0	2.0	2.0	5.0	0.0	0.0	0.0	1.0	8	260.png
0.0	1.0	0.0	1.0	2.0	2.0	6.0	0.0	0.0	0.0	1.0	8	261.png
0.0	1.0	0.0	1.0	1.0	2.0	1.0	0.0	0.0	1.0	0.0	7	262.png
0.0	1.0	2.0	1.0	1.0	2.0	1.0	0.0	0.0	1.0	0.0	7	263.png
0.0	1.0	0.0	1.0	2.0	2.0	6.0	0.0	0.0	0.0	1.0	8	264.png
2.0	1.0	2.0	2.0	2.0	2.0	2.0	0.0	0.0	0.0	1.0	8	265.png
0.0	1.0	2.0	2.0	2.0	2.0	2.0	0.0	0.0	0.0	1.0	8	266.png
0.0	1.0	0.0	1.0	2.0	2.0	6.0	0.0	0.0	0.0	1.0	8	267.png
0.0	1.0	0.0	1.0	0.0	2.0	5.0	0.0	0.0	1.0	0.0	7	268.png
0.0	0.0	2.0	1.0	1.0	2.0	3.0	0.0	0.0	0.0	1.0	8	270.png
0.0	1.0	2.0	1.0	1.0	0.0	2.0	0.0	0.0	1.0	0.0	7	271.png
0.0	1.0	0.0	1.0	1.0	0.0	2.0	0.0	0.0	1.0	0.0	7	272.png
0.0	0.0	0.0	1.0	1.0	0.0	5.0	0.0	0.0	0.0	1.0	8	273.png
0.0	1.0	0.0	1.0	1.0	0.0	5.0	0.0	0.0	1.0	0.0	7	274.png
0.0	1.0	0.0	1.0	1.0	0.0	5.0	0.0	0.0	1.0	0.0	7	275.png
0.0	0.0	2.0	0.0	1.0	1.0	4.0	0.0	1.0	0.0	0.0	6	276.png
0.0	0.0	2.0	2.0	1.0	1.0	4.0	0.0	0.0	0.0	1.0	8	277.png
2.0	1.0	2.0	0.0	1.0	1.0	3.0	0.0	0.0	0.0	1.0	8	278.png
0.0	0.0	2.0	0.0	1.0	1.0	4.0	0.0	1.0	0.0	0.0	6	279.png
2.0	0.0	2.0	0.0	2.0	1.0	3.0	0.0	0.0	0.0	1.0	8	280.png
2.0	1.0	2.0	2.0	2.0	1.0	1.0	0.0	0.0	0.0	1.0	8	281.png
2.0	1.0	2.0	2.0	0.0	2.0	6.0	0.0	0.0	0.0	1.0	8	282.png
1.0	1.0	0.0	1.0	1.0	1.0	6.0	0.0	0.0	0.0	1.0	8	283.png
2.0	1.0	0.0	1.0	0.0	2.0	3.0	0.0	0.0	0.0	1.0	8	284.png
2.0	1.0	0.0	1.0	1.0	2.0	6.0	0.0	0.0	0.0	1.0	8	285.png
2.0	0.0	2.0	2.0	1.0	2.0	3.0	0.0	0.0	0.0	1.0	8	286.png
2.0	1.0	2.0	2.0	2.0	1.0	5.0	0.0	0.0	0.0	1.0	8	287.png
1.0	1.0	0.0	1.0	2.0	2.0	2.0	0.0	0.0	0.0	1.0	8	288.png
1.0	1.0	0.0	1.0	2.0	2.0	6.0	0.0	0.0	0.0	1.0	8	289.png
2.0	1.0	2.0	1.0	2.0	1.0	1.0	0.0	0.0	0.0	1.0	8	290.png
2.0	1.0	0.0	1.0	1.0	1.0	1.0	0.0	0.0	0.0	1.0	8	291.png
0.0	1.0	2.0	2.0	1.0	2.0	3.0	0.0	0.0	1.0	0.0	7	292.png
2.0	1.0	0.0	1.0	1.0	1.0	5.0	0.0	0.0	0.0	1.0	8	293.png
2.0	0.0	0.0	1.0	2.0	1.0	4.0	0.0	0.0	0.0	1.0	8	294.png
1.0	1.0	0.0	1.0	1.0	2.0	6.0	0.0	0.0	0.0	1.0	8	295.png
0.0	1.0	2.0	1.0	1.0	1.0	2.0	0.0	0.0	1.0	0.0	7	296.png
2.0	1.0	0.0	1.0	0.0	2.0	3.0	0.0	0.0	0.0	1.0	8	297.png
2.0	0.0	2.0	1.0	2.0	1.0	1.0	0.0	0.0	0.0	1.0	8	298.png
2.0	1.0	2.0	2.0	2.0	1.0	1.0	0.0	0.0	0.0	1.0	8	299.png
1.0	1.0	0.0	1.0	2.0	2.0	2.0	0.0	0.0	0.0	1.0	8	300.png
2.0	1.0	0.0	1.0	0.0	2.0	4.0	0.0	0.0	0.0	1.0	8	301.png
2.0	0.0	2.0	2.0	2.0	2.0	4.0	0.0	0.0	0.0	1.0	8	302.png
0.0	1.0	2.0	2.0	1.0	1.0	2.0	0.0	0.0	1.0	0.0	7	303.png
0.0	0.0	0.0	1.0	2.0	1.0	1.0	0.0	0.0	0.0	1.0	8	304.png
2.0	1.0	2.0	2.0	2.0	1.0	5.0	0.0	0.0	0.0	1.0	8	305.png
2.0	1.0	2.0	0.0	2.0	2.0	4.0	0.0	0.0	0.0	1.0	8	306.png
2.0	1.0	0.0	1.0	2.0	2.0	3.0	0.0	0.0	0.0	1.0	8	307.png
0.0	0.0	1.0	0.0	0.0	1.0	3.0	0.0	1.0	0.0	0.0	6	308.png
0.0	0.0	2.0	0.0	0.0	1.0	3.0	0.0	1.0	0.0	0.0	6	309.png
2.0	1.0	0.0	1.0	2.0	2.0	2.0	0.0	0.0	0.0	1.0	8	310.png
2.0	0.0	2.0	2.0	2.0	2.0	3.0	0.0	0.0	0.0	1.0	8	311.png
2.0	0.0	2.0	0.0	0.0	2.0	2.0	0.0	0.0	0.0	1.0	8	312.png
2.0	1.0	0.0	1.0	1.0	2.0	5.0	0.0	0.0	0.0	1.0	8	313.png
0.0	1.0	0.0	1.0	0.0	1.0	2.0	0.0	0.0	1.0	0.0	7	314.png
1.0	1.0	0.0	1.0	2.0	1.0	2.0	0.0	0.0	0.0	1.0	8	315.png
2.0	1.0	2.0	1.0	2.0	1.0	4.0	0.0	0.0	0.0	1.0	8	316.png
2.0	1.0	0.0	1.0	1.0	2.0	2.0	0.0	0.0	0.0	1.0	8	317.png
0.0	0.0	2.0	2.0	2.0	1.0	1.0	0.0	0.0	0.0	1.0	8	319.png
2.0	0.0	2.0	2.0	1.0	1.0	6.0	0.0	0.0	0.0	1.0	8	320.png
0.0	0.0	2.0	0.0	2.0	1.0	1.0	0.0	0.0	0.0	1.0	8	321.png
2.0	0.0	2.0	2.0	2.0	1.0	6.0	0.0	0.0	0.0	1.0	8	322.png
0.0	1.0	1.0	0.0	0.0	1.0	1.0	0.0	0.0	1.0	0.0	7	323.png
0.0	1.0	0.0	1.0	1.0	0.0	3.0	0.0	0.0	1.0	0.0	7	324.png
2.0	0.0	2.0	1.0	1.0	1.0	2.0	0.0	0.0	0.0	1.0	8	325.png
2.0	1.0	0.0	1.0	1.0	2.0	2.0	0.0	0.0	0.0	1.0	8	326.png
0.0	1.0	2.0	1.0	2.0	1.0	3.0	0.0	0.0	0.0	1.0	8	327.png
0.0	0.0	2.0	0.0	2.0	1.0	1.0	0.0	0.0	0.0	1.0	8	328.png
0.0	1.0	2.0	2.0	2.0	2.0	3.0	0.0	0.0	0.0	1.0	8	329.png
2.0	0.0	2.0	1.0	2.0	1.0	1.0	0.0	0.0	0.0	1.0	8	330.png
2.0	0.0	2.0	1.0	2.0	2.0	0.0	0.0	0.0	0.0	1.0	8	331.png
0.0	1.0	0.0	1.0	2.0	1.0	1.0	0.0	0.0	0.0	1.0	8	332.png
0.0	1.0	0.0	1.0	1.0	0.0	3.0	0.0	0.0	1.0	0.0	7	333.png
2.0	1.0	2.0	2.0	2.0	1.0	2.0	0.0	0.0	0.0	1.0	8	334.png
2.0	1.0	2.0	2.0	2.0	2.0	3.0	0.0	0.0	0.0	1.0	8	335.png
2.0	1.0	0.0	1.0	2.0	1.0	3.0	0.0	0.0	0.0	1.0	8	336.png
2.0	0.0	2.0	1.0	2.0	2.0	1.0	0.0	0.0	0.0	1.0	8	337.png
2.0	1.0	0.0	1.0	2.0	1.0	1.0	0.0	0.0	0.0	1.0	8	338.png
2.0	1.0	0.0	1.0	2.0	0.0	3.0	0.0	0.0	0.0	1.0	8	339.png
1.0	1.0	0.0	2.0	2.0	1.0	2.0	0.0	0.0	0.0	1.0	8	340.png
2.0	1.0	2.0	2.0	2.0	2.0	3.0	0.0	0.0	0.0	1.0	8	341.png
2.0	1.0	0.0	1.0	2.0	1.0	3.0	0.0	0.0	0.0	1.0	8	342.png
2.0	0.0	2.0	1.0	2.0	2.0	0.0	0.0	0.0	0.0	1.0	8	343.png
0.0	1.0	0.0	1.0	1.0	0.0	2.0	0.0	0.0	1.0	0.0	7	344.png
2.0	1.0	2.0	1.0	2.0	1.0	1.0	0.0	0.0	0.0	1.0	8	345.png
0.0	1.0	0.0	1.0	1.0	0.0	3.0	0.0	0.0	1.0	0.0	7	346.png
1.0	1.0	0.0	1.0	2.0	1.0	2.0	0.0	0.0	0.0	1.0	8	347.png
2.0	1.0	2.0	1.0	2.0	0.0	3.0	0.0	0.0	0.0	1.0	8	348.png
2.0	1.0	0.0	1.0	1.0	1.0	3.0	0.0	0.0	0.0	1.0	8	349.png
2.0	1.0	2.0	1.0	2.0	2.0	0.0	0.0	0.0	0.0	1.0	8	350.png
2.0	1.0	0.0	2.0	1.0	1.0	1.0	0.0	0.0	0.0	1.0	8	351.png
2.0	1.0	0.0	1.0	1.0	0.0	3.0	0.0	0.0	0.0	1.0	8	352.png
1.0	1.0	0.0	0.0	2.0	1.0	2.0	0.0	0.0	0.0	1.0	8	353.png
0.0	1.0	2.0	1.0	2.0	2.0	3.0	0.0	0.0	0.0	1.0	8	354.png
0.0	1.0	0.0	1.0	2.0	1.0	3.0	0.0	0.0	0.0	1.0	8	355.png
2.0	1.0	2.0	1.0	2.0	1.0	1.0	0.0	0.0	0.0	1.0	8	356.png
2.0	1.0	0.0	1.0	1.0	0.0	3.0	0.0	0.0	0.0	1.0	8	357.png
2.0	1.0	2.0	2.0	0.0	1.0	2.0	0.0	0.0	0.0	1.0	8	358.png
2.0	1.0	2.0	2.0	1.0	2.0	3.0	0.0	0.0	0.0	1.0	8	359.png
0.0	1.0	0.0	1.0	1.0	1.0	3.0	0.0	0.0	1.0	0.0	7	360.png
2.0	0.0	2.0	2.0	0.0	2.0	0.0	0.0	0.0	0.0	1.0	8	361.png
0.0	1.0	2.0	2.0	2.0	1.0	1.0	0.0	0.0	0.0	1.0	8	362.png
2.0	1.0	0.0	1.0	2.0	0.0	3.0	0.0	0.0	0.0	1.0	8	363.png
0.0	1.0	2.0	2.0	2.0	1.0	2.0	0.0	0.0	0.0	1.0	8	364.png
2.0	1.0	2.0	1.0	2.0	0.0	3.0	0.0	0.0	0.0	1.0	8	365.png
0.0	1.0	0.0	1.0	1.0	1.0	3.0	0.0	0.0	1.0	0.0	7	366.png
2.0	0.0	2.0	1.0	0.0	2.0	0.0	0.0	0.0	0.0	1.0	8	367.png
2.0	1.0	2.0	2.0	2.0	1.0	1.0	0.0	0.0	0.0	1.0	8	368.png
2.0	1.0	0.0	1.0	1.0	0.0	4.0	0.0	0.0	0.0	1.0	8	369.png
1.0	1.0	0.0	1.0	2.0	1.0	2.0	0.0	0.0	0.0	1.0	8	370.png
2.0	1.0	0.0	1.0	1.0	0.0	3.0	0.0	0.0	0.0	1.0	8	371.png
2.0	1.0	0.0	1.0	1.0	1.0	3.0	0.0	0.0	0.0	1.0	8	372.png
2.0	1.0	0.0	1.0	2.0	2.0	1.0	0.0	0.0	0.0	1.0	8	373.png
1.0	1.0	2.0	2.0	0.0	1.0	1.0	0.0	0.0	0.0	1.0	8	374.png
2.0	1.0	0.0	1.0	2.0	0.0	4.0	0.0	0.0	0.0	1.0	8	375.png
2.0	1.0	2.0	2.0	2.0	1.0	2.0	0.0	0.0	0.0	1.0	8	376.png
0.0	1.0	2.0	1.0	2.0	0.0	3.0	0.0	0.0	0.0	1.0	8	377.png
2.0	1.0	0.0	1.0	2.0	1.0	3.0	0.0	0.0	0.0	1.0	8	378.png
2.0	1.0	2.0	1.0	2.0	2.0	0.0	0.0	0.0	0.0	1.0	8	379.png
0.0	1.0	0.0	1.0	2.0	1.0	1.0	0.0	0.0	0.0	1.0	8	380.png
0.0	1.0	0.0	1.0	1.0	0.0	4.0	0.0	0.0	1.0	0.0	7	381.png
0.0	1.0	0.0	2.0	0.0	1.0	2.0	0.0	0.0	1.0	0.0	7	382.png
2.0	1.0	0.0	1.0	1.0	2.0	3.0	0.0	0.0	0.0	1.0	8	383.png
0.0	1.0	0.0	1.0	1.0	1.0	3.0	0.0	0.0	1.0	0.0	7	384.png
2.0	1.0	2.0	1.0	0.0	2.0	0.0	0.0	0.0	0.0	1.0	8	385.png
2.0	1.0	2.0	2.0	0.0	1.0	1.0	0.0	0.0	0.0	1.0	8	386.png
2.0	1.0	0.0	1.0	2.0	0.0	3.0	0.0	0.0	0.0	1.0	8	387.png
0.0	0.0	2.0	2.0	2.0	1.0	2.0	0.0	0.0	0.0	1.0	8	388.png
2.0	1.0	2.0	2.0	2.0	2.0	3.0	0.0	0.0	0.0	1.0	8	389.png
2.0	1.0	0.0	1.0	1.0	1.0	3.0	0.0	0.0	0.0	1.0	8	390.png
2.0	1.0	2.0	1.0	2.0	2.0	1.0	0.0	0.0	0.0	1.0	8	391.png
0.0	1.0	2.0	2.0	0.0	1.0	1.0	0.0	0.0	1.0	0.0	7	392.png
2.0	1.0	1.0	2.0	0.0	1.0	1.0	0.0	0.0	0.0	1.0	8	393.png
0.0	0.0	2.0	2.0	2.0	1.0	1.0	0.0	0.0	0.0	1.0	8	394.png
0.0	0.0	2.0	2.0	2.0	2.0	6.0	0.0	0.0	0.0	1.0	8	395.png
2.0	1.0	0.0	1.0	1.0	2.0	1.0	0.0	0.0	0.0	1.0	8	396.png
0.0	0.0	2.0	1.0	1.0	2.0	1.0	0.0	0.0	0.0	1.0	8	397.png
0.0	1.0	0.0	1.0	1.0	2.0	1.0	0.0	0.0	1.0	0.0	7	398.png
2.0	1.0	0.0	1.0	1.0	2.0	1.0	0.0	0.0	0.0	1.0	8	399.png
2.0	1.0	2.0	0.0	0.0	1.0	2.0	0.0	0.0	0.0	1.0	8	400.png
0.0	1.0	0.0	1.0	2.0	1.0	6.0	0.0	0.0	0.0	1.0	8	401.png
2.0	1.0	0.0	1.0	2.0	2.0	3.0	0.0	0.0	0.0	1.0	8	402.png
0.0	1.0	0.0	1.0	1.0	2.0	3.0	0.0	0.0	1.0	0.0	7	403.png
1.0	1.0	2.0	2.0	0.0	2.0	2.0	0.0	0.0	0.0	1.0	8	404.png
1.0	1.0	2.0	2.0	0.0	2.0	2.0	0.0	0.0	0.0	1.0	8	405.png
0.0	1.0	2.0	2.0	0.0	2.0	1.0	0.0	0.0	1.0	0.0	7	406.png
2.0	1.0	0.0	1.0	2.0	2.0	5.0	0.0	0.0	0.0	1.0	8	407.png
2.0	1.0	2.0	2.0	1.0	2.0	2.0	0.0	0.0	0.0	1.0	8	408.png
2.0	1.0	2.0	1.0	1.0	2.0	2.0	0.0	0.0	0.0	1.0	8	409.png
2.0	1.0	2.0	2.0	2.0	2.0	3.0	0.0	0.0	0.0	1.0	8	410.png
0.0	0.0	2.0	2.0	1.0	2.0	6.0	0.0	0.0	0.0	1.0	8	411.png
0.0	0.0	1.0	2.0	1.0	2.0	5.0	0.0	0.0	0.0	1.0	8	412.png
0.0	1.0	2.0	1.0	2.0	2.0	5.0	0.0	0.0	0.0	1.0	8	413.png
0.0	1.0	0.0	1.0	2.0	2.0	5.0	0.0	0.0	0.0	1.0	8	414.png
0.0	1.0	2.0	2.0	2.0	1.0	2.0	0.0	0.0	0.0	1.0	8	415.png
0.0	1.0	2.0	1.0	2.0	1.0	2.0	0.0	0.0	0.0	1.0	8	416.png
0.0	1.0	0.0	1.0	1.0	1.0	1.0	0.0	0.0	1.0	0.0	7	417.png
2.0	1.0	0.0	1.0	1.0	1.0	1.0	0.0	0.0	0.0	1.0	8	418.png
2.0	1.0	0.0	1.0	0.0	2.0	2.0	0.0	0.0	0.0	1.0	8	419.png
2.0	1.0	0.0	1.0	2.0	2.0	2.0	0.0	0.0	0.0	1.0	8	420.png
1.0	1.0	2.0	1.0	2.0	1.0	1.0	0.0	0.0	0.0	1.0	8	421.png
1.0	1.0	2.0	2.0	2.0	1.0	4.0	0.0	0.0	0.0	1.0	8	423.png
2.0	1.0	0.0	1.0	2.0	1.0	2.0	0.0	0.0	0.0	1.0	8	424.png
2.0	1.0	0.0	1.0	1.0	0.0	3.0	0.0	0.0	0.0	1.0	8	425.png
2.0	0.0	0.0	1.0	2.0	1.0	2.0	0.0	0.0	0.0	1.0	8	426.png
1.0	1.0	0.0	1.0	1.0	2.0	2.0	0.0	0.0	0.0	1.0	8	427.png
0.0	1.0	1.0	0.0	0.0	1.0	1.0	0.0	0.0	1.0	0.0	7	428.png
2.0	1.0	1.0	1.0	2.0	2.0	4.0	0.0	0.0	0.0	1.0	8	429.png
2.0	1.0	2.0	2.0	2.0	2.0	3.0	0.0	0.0	0.0	1.0	8	430.png
0.0	1.0	2.0	2.0	2.0	2.0	2.0	0.0	0.0	0.0	1.0	8	431.png
2.0	1.0	0.0	1.0	0.0	2.0	3.0	0.0	0.0	0.0	1.0	8	432.png
2.0	1.0	0.0	1.0	1.0	2.0	1.0	0.0	0.0	0.0	1.0	8	433.png
0.0	1.0	2.0	1.0	1.0	1.0	2.0	0.0	0.0	1.0	0.0	7	434.png
2.0	0.0	1.0	2.0	0.0	1.0	1.0	0.0	0.0	0.0	1.0	8	435.png
2.0	1.0	2.0	0.0	2.0	2.0	2.0	0.0	0.0	0.0	1.0	8	436.png
2.0	0.0	0.0	1.0	2.0	1.0	2.0	0.0	0.0	0.0	1.0	8	437.png
2.0	1.0	2.0	1.0	1.0	2.0	6.0	0.0	0.0	0.0	1.0	8	438.png
1.0	1.0	0.0	1.0	2.0	1.0	3.0	0.0	0.0	0.0	1.0	8	439.png
0.0	1.0	2.0	2.0	2.0	1.0	2.0	0.0	0.0	0.0	1.0	8	440.png
2.0	1.0	2.0	2.0	2.0	1.0	3.0	0.0	0.0	0.0	1.0	8	441.png
0.0	1.0	0.0	2.0	2.0	1.0	2.0	0.0	0.0	0.0	1.0	8	442.png
2.0	1.0	2.0	2.0	2.0	1.0	1.0	0.0	0.0	0.0	1.0	8	443.png
2.0	1.0	2.0	1.0	2.0	1.0	1.0	0.0	0.0	0.0	1.0	8	444.png
0.0	1.0	2.0	2.0	2.0	2.0	2.0	0.0	0.0	0.0	1.0	8	445.png
0.0	1.0	1.0	0.0	0.0	1.0	1.0	0.0	0.0	1.0	0.0	7	446.png
0.0	1.0	2.0	0.0	0.0	1.0	6.0	0.0	0.0	1.0	0.0	7	447.png
1.0	1.0	2.0	1.0	1.0	1.0	3.0	0.0	0.0	0.0	1.0	8	448.png
1.0	1.0	2.0	1.0	1.0	1.0	3.0	0.0	0.0	0.0	1.0	8	449.png
2.0	1.0	2.0	1.0	1.0	0.0	1.0	0.0	0.0	0.0	1.0	8	450.png
2.0	1.0	0.0	1.0	2.0	2.0	2.0	0.0	0.0	0.0	1.0	8	451.png
2.0	1.0	0.0	1.0	2.0	2.0	2.0	0.0	0.0	0.0	1.0	8	452.png
2.0	1.0	2.0	2.0	2.0	1.0	5.0	0.0	0.0	0.0	1.0	8	453.png
0.0	1.0	2.0	2.0	2.0	1.0	2.0	0.0	0.0	0.0	1.0	8	454.png
1.0	1.0	0.0	1.0	1.0	0.0	1.0	0.0	0.0	0.0	1.0	8	455.png
2.0	1.0	0.0	1.0	1.0	0.0	1.0	0.0	0.0	0.0	1.0	8	456.png
2.0	1.0	2.0	2.0	1.0	1.0	1.0	0.0	0.0	0.0	1.0	8	457.png
0.0	1.0	2.0	1.0	2.0	1.0	1.0	0.0	0.0	0.0	1.0	8	458.png
2.0	1.0	0.0	1.0	1.0	0.0	2.0	0.0	0.0	0.0	1.0	8	459.png
2.0	1.0	0.0	1.0	1.0	2.0	2.0	0.0	0.0	0.0	1.0	8	460.png
1.0	0.0	2.0	0.0	0.0	1.0	3.0	0.0	1.0	0.0	0.0	6	461.png
0.0	1.0	2.0	0.0	0.0	1.0	3.0	0.0	1.0	1.0	0.0	5	462.png
0.0	1.0	2.0	0.0	2.0	1.0	1.0	0.0	0.0	0.0	1.0	8	463.png
2.0	0.0	2.0	2.0	2.0	1.0	1.0	0.0	0.0	0.0	1.0	8	464.png
2.0	1.0	2.0	0.0	1.0	1.0	1.0	0.0	0.0	0.0	1.0	8	465.png
2.0	1.0	2.0	0.0	2.0	1.0	6.0	0.0	0.0	0.0	1.0	8	467.png
2.0	0.0	2.0	1.0	1.0	1.0	6.0	0.0	0.0	0.0	1.0	8	468.png
0.0	1.0	2.0	1.0	2.0	1.0	1.0	0.0	0.0	0.0	1.0	8	469.png
2.0	1.0	0.0	1.0	1.0	1.0	2.0	0.0	0.0	0.0	1.0	8	470.png
0.0	1.0	2.0	2.0	1.0	2.0	1.0	0.0	0.0	1.0	0.0	7	471.png
0.0	1.0	2.0	2.0	0.0	2.0	6.0	0.0	0.0	1.0	0.0	7	472.png
2.0	1.0	2.0	2.0	1.0	2.0	1.0	0.0	0.0	0.0	1.0	8	473.png
2.0	1.0	1.0	0.0	0.0	1.0	6.0	0.0	0.0	0.0	1.0	8	474.png
2.0	1.0	0.0	1.0	1.0	2.0	2.0	0.0	0.0	0.0	1.0	8	476.png
0.0	1.0	0.0	2.0	2.0	1.0	2.0	0.0	0.0	0.0	1.0	8	477.png
2.0	1.0	0.0	1.0	2.0	1.0	2.0	0.0	0.0	0.0	1.0	8	478.png
0.0	1.0	0.0	1.0	2.0	2.0	2.0	0.0	0.0	0.0	1.0	8	479.png
2.0	1.0	2.0	2.0	1.0	2.0	1.0	0.0	0.0	0.0	1.0	8	480.png
0.0	1.0	2.0	2.0	2.0	1.0	1.0	0.0	0.0	0.0	1.0	8	481.png
0.0	0.0	2.0	2.0	1.0	1.0	1.0	0.0	0.0	0.0	1.0	8	482.png
1.0	1.0	2.0	1.0	1.0	1.0	1.0	0.0	0.0	0.0	1.0	8	483.png
1.0	1.0	2.0	2.0	2.0	2.0	1.0	0.0	0.0	0.0	1.0	8	484.png
0.0	1.0	1.0	2.0	2.0	2.0	1.0	0.0	0.0	0.0	1.0	8	485.png
2.0	1.0	1.0	2.0	1.0	2.0	1.0	0.0	0.0	0.0	1.0	8	486.png
2.0	1.0	0.0	1.0	1.0	2.0	1.0	0.0	0.0	0.0	1.0	8	487.png
1.0	1.0	2.0	1.0	1.0	2.0	1.0	0.0	0.0	0.0	1.0	8	488.png
0.0	1.0	2.0	1.0	1.0	2.0	2.0	0.0	0.0	1.0	0.0	7	489.png
0.0	1.0	2.0	2.0	0.0	2.0	5.0	0.0	0.0	1.0	0.0	7	490.png
0.0	1.0	2.0	1.0	1.0	2.0	2.0	0.0	0.0	1.0	0.0	7	491.png
2.0	1.0	0.0	1.0	0.0	2.0	2.0	0.0	0.0	0.0	1.0	8	492.png
0.0	1.0	0.0	1.0	1.0	2.0	3.0	0.0	0.0	1.0	0.0	7	493.png
2.0	1.0	0.0	1.0	1.0	1.0	2.0	0.0	0.0	0.0	1.0	8	494.png
2.0	1.0	2.0	2.0	2.0	1.0	1.0	0.0	0.0	0.0	1.0	8	495.png
2.0	1.0	0.0	1.0	1.0	0.0	2.0	0.0	0.0	0.0	1.0	8	496.png
2.0	1.0	0.0	1.0	1.0	0.0	3.0	0.0	0.0	0.0	1.0	8	497.png
0.0	1.0	0.0	1.0	2.0	1.0	3.0	0.0	0.0	0.0	1.0	8	498.png
0.0	1.0	2.0	1.0	1.0	1.0	2.0	0.0	0.0	1.0	0.0	7	499.png
2.0	1.0	0.0	1.0	1.0	0.0	3.0	0.0	0.0	0.0	1.0	8	500.png
0.0	1.0	0.0	2.0	0.0	2.0	3.0	0.0	0.0	1.0	0.0	7	501.png
0.0	1.0	2.0	1.0	1.0	1.0	3.0	0.0	0.0	1.0	0.0	7	502.png
0.0	1.0	0.0	1.0	1.0	1.0	2.0	0.0	0.0	1.0	0.0	7	503.png
0.0	1.0	0.0	1.0	0.0	1.0	1.0	0.0	0.0	1.0	0.0	7	504.png
2.0	1.0	0.0	1.0	1.0	2.0	4.0	0.0	0.0	0.0	1.0	8	505.png
2.0	0.0	0.0	1.0	1.0	0.0	3.0	0.0	0.0	0.0	1.0	8	506.png
1.0	1.0	0.0	1.0	1.0	1.0	2.0	0.0	0.0	0.0	1.0	8	507.png
0.0	1.0	2.0	2.0	0.0	1.0	3.0	0.0	0.0	1.0	0.0	7	508.png
1.0	1.0	0.0	1.0	2.0	2.0	4.0	0.0	0.0	0.0	1.0	8	509.png
2.0	0.0	0.0	1.0	1.0	0.0	3.0	0.0	0.0	0.0	1.0	8	510.png
0.0	1.0	0.0	1.0	0.0	2.0	3.0	0.0	0.0	1.0	0.0	7	511.png
0.0	1.0	0.0	1.0	0.0	1.0	1.0	0.0	0.0	1.0	0.0	7	512.png
2.0	1.0	0.0	1.0	2.0	0.0	2.0	0.0	0.0	0.0	1.0	8	513.png
2.0	1.0	2.0	1.0	1.0	1.0	2.0	0.0	0.0	0.0	1.0	8	514.png
2.0	1.0	0.0	1.0	0.0	2.0	4.0	0.0	0.0	0.0	1.0	8	515.png
2.0	0.0	2.0	0.0	0.0	1.0	1.0	0.0	0.0	0.0	1.0	8	516.png
2.0	1.0	0.0	1.0	2.0	1.0	3.0	0.0	0.0	0.0	1.0	8	517.png
2.0	1.0	0.0	1.0	0.0	1.0	0.0	0.0	0.0	0.0	1.0	8	518.png
0.0	1.0	0.0	1.0	0.0	2.0	3.0	0.0	0.0	1.0	0.0	7	519.png
0.0	1.0	0.0	1.0	0.0	1.0	4.0	0.0	0.0	1.0	0.0	7	520.png
0.0	1.0	0.0	1.0	1.0	0.0	2.0	0.0	0.0	1.0	0.0	7	521.png
0.0	1.0	0.0	1.0	1.0	2.0	2.0	0.0	0.0	1.0	0.0	7	523.png
1.0	1.0	0.0	1.0	1.0	2.0	2.0	0.0	0.0	0.0	1.0	8	524.png
2.0	1.0	0.0	1.0	1.0	2.0	2.0	0.0	0.0	0.0	1.0	8	525.png
0.0	1.0	0.0	1.0	1.0	2.0	2.0	0.0	0.0	1.0	0.0	7	526.png
1.0	1.0	0.0	1.0	2.0	2.0	2.0	0.0	0.0	0.0	1.0	8	527.png
2.0	1.0	0.0	1.0	1.0	2.0	2.0	0.0	0.0	0.0	1.0	8	528.png
2.0	1.0	0.0	1.0	1.0	2.0	2.0	0.0	0.0	0.0	1.0	8	529.png
