2	0	2	2	2	0	1	1.png	
2	0	1	0	0	1	1	2.png	
2	0	2	1	1	2	4	3.png	
1	1	2	2	2	2	1	4.png	
2	1	0	1	2	1	2	5.png	
1	1	2	0	0	1	3	6.png	
2	1	2	2	1	2	1	7.png	
0	1	0	1	2	1	2	8.png	
0	1	0	1	1	1	5	9.png	
2	1	2	0	1	2	1	10.png	
0	1	0	1	2	2	3	100.png	
0	1	0	1	2	1	3	101.png	
2	1	0	1	2	2	3	102.png	
2	1	2	2	2	2	2	103.png	
1	1	2	2	0	1	5	104.png	
0	1	2	2	2	2	0	105.png	
0	1	2	2	1	0	1	106.png	
0	1	2	1	1	2	1	107.png	
1	1	0	1	2	0	2	108.png	
0	1	0	1	1	0	6	109.png	
0	1	0	1	2	2	2	11.png	
2	1	2	2	2	1	2	110.png	
0	0	2	0	0	2	0	111.png	
0	0	0	1	2	0	1	112.png	
2	1	0	1	1	2	1	113.png	
0	1	2	2	1	1	4	114.png	
0	1	2	2	0	1	1	115.png	
1	0	2	2	2	2	1	116.png	
1	1	2	2	2	2	1	117.png	
1	0	2	0	2	2	1	118.png	
2	1	0	1	2	1	1	12.png	
0	0	0	1	1	2	1	120.png	
0	1	0	1	2	2	1	121.png	
0	1	0	1	1	2	1	122.png	
0	1	0	1	2	2	1	123.png	
0	0	0	1	1	2	2	124.png	
0	0	0	1	1	2	2	125.png	
1	0	0	1	1	2	2	126.png	
2	1	0	1	1	2	2	127.png	
0	0	2	2	2	1	2	128.png	
0	0	2	2	2	1	2	129.png	
2	1	2	0	1	2	1	13.png	
0	0	2	2	2	1	2	130.png	
0	1	2	2	2	1	2	131.png	
0	1	0	1	2	2	2	132.png	
0	1	0	1	2	2	2	133.png	
0	1	0	1	2	2	2	134.png	
0	1	0	1	1	2	2	135.png	
2	1	0	0	0	1	2	136.png	
1	1	2	0	0	1	2	137.png	
1	0	2	0	0	1	2	138.png	
2	0	2	2	2	2	5	139.png	
0	1	2	0	0	1	3	14.png	
0	0	2	0	1	2	5	140.png	
2	0	2	0	2	2	5	141.png	
0	1	2	2	2	2	2	142.png	
1	1	0	2	1	2	2	143.png	
2	1	2	0	0	2	2	144.png	
1	1	2	2	2	2	2	145.png	
0	0	2	0	2	2	1	146.png	
0	1	2	1	2	1	1	147.png	
0	1	2	2	2	1	1	148.png	
0	0	2	2	2	2	0	149.png	
2	1	2	2	2	2	3	15.png	
2	0	1	0	2	2	1	150.png	
2	1	2	0	2	2	1	151.png	
1	1	1	0	2	2	1	152.png	
1	0	1	0	2	2	0	153.png	
2	0	2	0	2	1	1	154.png	
0	0	2	0	2	1	1	155.png	
2	1	2	0	2	2	1	156.png	
2	1	1	0	2	2	1	157.png	
1	0	1	0	0	1	1	158.png	
2	0	2	0	2	2	1	159.png	
2	1	2	2	2	2	1	16.png	
0	0	2	0	2	2	0	160.png	
0	1	2	2	2	2	1	161.png	
2	0	2	0	0	1	1	162.png	
0	1	1	0	0	1	1	163.png	
0	0	2	0	0	1	0	164.png	
1	0	2	0	2	1	1	165.png	
1	0	2	0	0	1	1	166.png	
0	0	2	0	0	1	0	167.png	
1	0	2	0	0	1	0	168.png	
0	0	1	0	0	1	0	169.png	
2	1	2	2	1	0	5	17.png	
0	0	2	0	0	1	1	170.png	
0	0	1	0	2	2	1	171.png	
1	0	2	0	0	2	1	172.png	
0	1	2	0	0	1	2	173.png	
0	1	2	1	1	1	1	175.png	
2	1	0	1	1	0	2	176.png	
2	1	2	2	2	1	1	177.png	
0	1	2	0	2	2	3	178.png	
2	1	0	1	1	0	4	179.png	
2	0	2	2	1	1	3	180.png	
2	1	0	1	1	2	4	181.png	
0	1	0	1	1	0	2	182.png	
2	1	2	1	1	0	6	183.png	
0	1	2	2	2	1	3	184.png	
0	1	2	1	1	1	2	185.png	
1	1	0	1	1	0	3	186.png	
0	1	1	0	0	1	2	187.png	
2	1	0	1	1	1	3	188.png	
0	1	0	2	2	2	3	189.png	
0	1	0	1	2	2	3	190.png	
0	1	0	1	1	2	1	191.png	
0	1	0	1	1	1	2	192.png	
0	0	1	2	2	1	5	193.png	
0	1	0	2	2	1	2	194.png	
0	0	1	0	2	2	5	195.png	
0	0	1	2	2	1	5	196.png	
0	0	1	0	2	1	5	197.png	
0	1	2	2	2	2	3	198.png	
0	0	2	0	2	1	3	200.png	
2	0	2	0	2	1	3	201.png	
0	1	1	0	0	1	3	202.png	
2	1	0	1	2	2	3	203.png	
0	1	0	1	2	2	2	204.png	
2	1	0	1	1	2	3	205.png	
0	1	0	1	1	1	3	206.png	
0	1	0	1	2	1	3	207.png	
2	1	0	1	0	1	3	208.png	
0	0	2	2	2	1	2	209.png	
2	0	1	0	0	1	2	210.png	
2	0	2	0	0	1	2	211.png	
2	1	0	1	1	0	2	212.png	
1	1	0	1	1	0	2	213.png	
2	1	1	2	0	2	5	214.png	
2	1	1	0	2	2	1	215.png	
0	1	0	1	1	2	2	216.png	
0	1	0	1	2	2	2	217.png	
2	1	0	1	1	2	2	218.png	
2	1	0	1	1	0	4	219.png	
2	1	0	1	1	0	4	220.png	
2	1	0	1	2	0	4	221.png	
0	1	0	1	2	1	6	222.png	
2	1	0	1	2	1	6	223.png	
1	1	0	1	2	1	6	224.png	
2	1	2	0	0	1	2	225.png	
1	1	2	2	1	1	4	226.png	
2	1	2	1	2	1	2	227.png	
0	1	2	2	2	2	2	228.png	
0	0	2	0	0	1	3	229.png	
1	0	2	0	2	1	4	230.png	
0	1	0	1	1	2	1	231.png	
2	0	2	2	1	0	2	232.png	
0	0	2	2	1	0	1	233.png	
0	0	2	2	2	1	5	234.png	
0	1	2	1	2	1	2	235.png	
0	1	0	1	1	1	2	236.png	
0	1	2	2	0	1	2	237.png	
0	1	2	2	1	2	1	238.png	
0	0	2	2	2	2	1	239.png	
0	0	2	2	1	2	1	240.png	
2	0	2	2	1	2	1	241.png	
0	1	0	1	1	0	2	242.png	
2	1	0	1	1	0	2	243.png	
0	1	0	1	1	0	2	244.png	
0	1	0	1	1	0	2	245.png	
0	1	2	1	2	1	2	246.png	
2	1	2	1	1	1	2	247.png	
2	0	2	2	2	1	5	248.png	
2	1	2	2	2	1	6	249.png	
0	1	0	1	2	1	5	250.png	
0	1	2	1	0	1	1	251.png	
0	1	2	2	0	1	1	252.png	
2	0	2	2	0	1	1	253.png	
0	1	2	1	1	0	1	254.png	
0	1	2	1	1	0	1	255.png	
2	0	2	2	1	0	1	256.png	
0	0	2	2	1	0	1	257.png	
0	1	0	1	2	2	6	258.png	
2	1	0	1	1	2	6	259.png	
0	1	0	1	2	2	5	260.png	
0	1	0	1	2	2	6	261.png	
0	1	0	1	1	2	1	262.png	
0	1	2	1	1	2	1	263.png	
0	1	0	1	2	2	6	264.png	
2	1	2	2	2	2	2	265.png	
0	1	2	2	2	2	2	266.png	
0	1	0	1	2	2	6	267.png	
0	1	0	1	0	2	5	268.png	
0	0	2	1	1	2	3	270.png	
0	1	2	1	1	0	2	271.png	
0	1	0	1	1	0	2	272.png	
0	0	0	1	1	0	5	273.png	
0	1	0	1	1	0	5	274.png	
0	1	0	1	1	0	5	275.png	
0	0	2	0	1	1	4	276.png	
0	0	2	2	1	1	4	277.png	
2	1	2	0	1	1	3	278.png	
0	0	2	0	1	1	4	279.png	
2	0	2	0	2	1	3	280.png	
2	1	2	2	2	1	1	281.png	
2	1	2	2	0	2	6	282.png	
1	1	0	1	1	1	6	283.png	
2	1	0	1	0	2	3	284.png	
2	1	0	1	1	2	6	285.png	
2	0	2	2	1	2	3	286.png	
2	1	2	2	2	1	5	287.png	
1	1	0	1	2	2	2	288.png	
1	1	0	1	2	2	6	289.png	
2	1	2	1	2	1	1	290.png	
2	1	0	1	1	1	1	291.png	
0	1	2	2	1	2	3	292.png	
2	1	0	1	1	1	5	293.png	
2	0	0	1	2	1	4	294.png	
1	1	0	1	1	2	6	295.png	
0	1	2	1	1	1	2	296.png	
2	1	0	1	0	2	3	297.png	
2	0	2	1	2	1	1	298.png	
2	1	2	2	2	1	1	299.png	
1	1	0	1	2	2	2	300.png	
2	1	0	1	0	2	4	301.png	
2	0	2	2	2	2	4	302.png	
0	1	2	2	1	1	2	303.png	
0	0	0	1	2	1	1	304.png	
2	1	2	2	2	1	5	305.png	
2	1	2	0	2	2	4	306.png	
2	1	0	1	2	2	3	307.png	
0	0	1	0	0	1	3	308.png	
0	0	2	0	0	1	3	309.png	
2	1	0	1	2	2	2	310.png	
2	0	2	2	2	2	3	311.png	
2	0	2	0	0	2	2	312.png	
2	1	0	1	1	2	5	313.png	
0	1	0	1	0	1	2	314.png	
1	1	0	1	2	1	2	315.png	
2	1	2	1	2	1	4	316.png	
2	1	0	1	1	2	2	317.png	
0	0	2	2	2	1	1	319.png	
2	0	2	2	1	1	6	320.png	
0	0	2	0	2	1	1	321.png	
2	0	2	2	2	1	6	322.png	
0	1	1	0	0	1	1	323.png	
0	1	0	1	1	0	3	324.png	
2	0	2	1	1	1	2	325.png	
2	1	0	1	1	2	2	326.png	
0	1	2	1	2	1	3	327.png	
0	0	2	0	2	1	1	328.png	
0	1	2	2	2	2	3	329.png	
2	0	2	1	2	1	1	330.png	
2	0	2	1	2	2	0	331.png	
0	1	0	1	2	1	1	332.png	
0	1	0	1	1	0	3	333.png	
2	1	2	2	2	1	2	334.png	
2	1	2	2	2	2	3	335.png	
2	1	0	1	2	1	3	336.png	
2	0	2	1	2	2	1	337.png	
2	1	0	1	2	1	1	338.png	
2	1	0	1	2	0	3	339.png	
1	1	0	2	2	1	2	340.png	
2	1	2	2	2	2	3	341.png	
2	1	0	1	2	1	3	342.png	
2	0	2	1	2	2	0	343.png	
0	1	0	1	1	0	2	344.png	
2	1	2	1	2	1	1	345.png	
0	1	0	1	1	0	3	346.png	
1	1	0	1	2	1	2	347.png	
2	1	2	1	2	0	3	348.png	
2	1	0	1	1	1	3	349.png	
2	1	2	1	2	2	0	350.png	
2	1	0	2	1	1	1	351.png	
2	1	0	1	1	0	3	352.png	
1	1	0	0	2	1	2	353.png	
0	1	2	1	2	2	3	354.png	
0	1	0	1	2	1	3	355.png	
2	1	2	1	2	1	1	356.png	
2	1	0	1	1	0	3	357.png	
2	1	2	2	0	1	2	358.png	
2	1	2	2	1	2	3	359.png	
0	1	0	1	1	1	3	360.png	
2	0	2	2	0	2	0	361.png	
0	1	2	2	2	1	1	362.png	
2	1	0	1	2	0	3	363.png	
0	1	2	2	2	1	2	364.png	
2	1	2	1	2	0	3	365.png	
0	1	0	1	1	1	3	366.png	
2	0	2	1	0	2	0	367.png	
2	1	2	2	2	1	1	368.png	
2	1	0	1	1	0	4	369.png	
1	1	0	1	2	1	2	370.png	
2	1	0	1	1	0	3	371.png	
2	1	0	1	1	1	3	372.png	
2	1	0	1	2	2	1	373.png	
1	1	2	2	0	1	1	374.png	
2	1	0	1	2	0	4	375.png	
2	1	2	2	2	1	2	376.png	
0	1	2	1	2	0	3	377.png	
2	1	0	1	2	1	3	378.png	
2	1	2	1	2	2	0	379.png	
0	1	0	1	2	1	1	380.png	
0	1	0	1	1	0	4	381.png	
0	1	0	2	0	1	2	382.png	
2	1	0	1	1	2	3	383.png	
0	1	0	1	1	1	3	384.png	
2	1	2	1	0	2	0	385.png	
2	1	2	2	0	1	1	386.png	
2	1	0	1	2	0	3	387.png	
0	0	2	2	2	1	2	388.png	
2	1	2	2	2	2	3	389.png	
2	1	0	1	1	1	3	390.png	
2	1	2	1	2	2	1	391.png	
0	1	2	2	0	1	1	392.png	
2	1	1	2	0	1	1	393.png	
0	0	2	2	2	1	1	394.png	
0	0	2	2	2	2	6	395.png	
2	1	0	1	1	2	1	396.png	
0	0	2	1	1	2	1	397.png	
0	1	0	1	1	2	1	398.png	
2	1	0	1	1	2	1	399.png	
2	1	2	0	0	1	2	400.png	
0	1	0	1	2	1	6	401.png	
2	1	0	1	2	2	3	402.png	
0	1	0	1	1	2	3	403.png	
1	1	2	2	0	2	2	404.png	
1	1	2	2	0	2	2	405.png	
0	1	2	2	0	2	1	406.png	
2	1	0	1	2	2	5	407.png	
2	1	2	2	1	2	2	408.png	
2	1	2	1	1	2	2	409.png	
2	1	2	2	2	2	3	410.png	
0	0	2	2	1	2	6	411.png	
0	0	1	2	1	2	5	412.png	
0	1	2	1	2	2	5	413.png	
0	1	0	1	2	2	5	414.png	
0	1	2	2	2	1	2	415.png	
0	1	2	1	2	1	2	416.png	
0	1	0	1	1	1	1	417.png	
2	1	0	1	1	1	1	418.png	
2	1	0	1	0	2	2	419.png	
2	1	0	1	2	2	2	420.png	
1	1	2	1	2	1	1	421.png	
1	1	2	2	2	1	4	423.png	
2	1	0	1	2	1	2	424.png	
2	1	0	1	1	0	3	425.png	
2	0	0	1	2	1	2	426.png	
1	1	0	1	1	2	2	427.png	
0	1	1	0	0	1	1	428.png	
2	1	1	1	2	2	4	429.png	
2	1	2	2	2	2	3	430.png	
0	1	2	2	2	2	2	431.png	
2	1	0	1	0	2	3	432.png	
2	1	0	1	1	2	1	433.png	
0	1	2	1	1	1	2	434.png	
2	0	1	2	0	1	1	435.png	
2	1	2	0	2	2	2	436.png	
2	0	0	1	2	1	2	437.png	
2	1	2	1	1	2	6	438.png	
1	1	0	1	2	1	3	439.png	
0	1	2	2	2	1	2	440.png	
2	1	2	2	2	1	3	441.png	
0	1	0	2	2	1	2	442.png	
2	1	2	2	2	1	1	443.png	
2	1	2	1	2	1	1	444.png	
0	1	2	2	2	2	2	445.png	
0	1	1	0	0	1	1	446.png	
0	1	2	0	0	1	6	447.png	
1	1	2	1	1	1	3	448.png	
1	1	2	1	1	1	3	449.png	
2	1	2	1	1	0	1	450.png	
2	1	0	1	2	2	2	451.png	
2	1	0	1	2	2	2	452.png	
2	1	2	2	2	1	5	453.png	
0	1	2	2	2	1	2	454.png	
1	1	0	1	1	0	1	455.png	
2	1	0	1	1	0	1	456.png	
2	1	2	2	1	1	1	457.png	
0	1	2	1	2	1	1	458.png	
2	1	0	1	1	0	2	459.png	
2	1	0	1	1	2	2	460.png	
1	0	2	0	0	1	3	461.png	
0	1	2	0	0	1	3	462.png	
0	1	2	0	2	1	1	463.png	
2	0	2	2	2	1	1	464.png	
2	1	2	0	1	1	1	465.png	
2	1	2	0	2	1	6	467.png	
2	0	2	1	1	1	6	468.png	
0	1	2	1	2	1	1	469.png	
2	1	0	1	1	1	2	470.png	
0	1	2	2	1	2	1	471.png	
0	1	2	2	0	2	6	472.png	
2	1	2	2	1	2	1	473.png	
2	1	1	0	0	1	6	474.png	
2	1	0	1	1	2	2	476.png	
0	1	0	2	2	1	2	477.png	
2	1	0	1	2	1	2	478.png	
0	1	0	1	2	2	2	479.png	
2	1	2	2	1	2	1	480.png	
0	1	2	2	2	1	1	481.png	
0	0	2	2	1	1	1	482.png	
1	1	2	1	1	1	1	483.png	
1	1	2	2	2	2	1	484.png	
0	1	1	2	2	2	1	485.png	
2	1	1	2	1	2	1	486.png	
2	1	0	1	1	2	1	487.png	
1	1	2	1	1	2	1	488.png	
0	1	2	1	1	2	2	489.png	
0	1	2	2	0	2	5	490.png	
0	1	2	1	1	2	2	491.png	
2	1	0	1	0	2	2	492.png	
0	1	0	1	1	2	3	493.png	
2	1	0	1	1	1	2	494.png	
2	1	2	2	2	1	1	495.png	
2	1	0	1	1	0	2	496.png	
2	1	0	1	1	0	3	497.png	
0	1	0	1	2	1	3	498.png	
0	1	2	1	1	1	2	499.png	
2	1	0	1	1	0	3	500.png	
0	1	0	2	0	2	3	501.png	
0	1	2	1	1	1	3	502.png	
0	1	0	1	1	1	2	503.png	
0	1	0	1	0	1	1	504.png	
2	1	0	1	1	2	4	505.png	
2	0	0	1	1	0	3	506.png	
1	1	0	1	1	1	2	507.png	
0	1	2	2	0	1	3	508.png	
1	1	0	1	2	2	4	509.png	
2	0	0	1	1	0	3	510.png	
0	1	0	1	0	2	3	511.png	
0	1	0	1	0	1	1	512.png	
2	1	0	1	2	0	2	513.png	
2	1	2	1	1	1	2	514.png	
2	1	0	1	0	2	4	515.png	
2	0	2	0	0	1	1	516.png	
2	1	0	1	2	1	3	517.png	
2	1	0	1	0	1	0	518.png	
0	1	0	1	0	2	3	519.png	
0	1	0	1	0	1	4	520.png	
0	1	0	1	1	0	2	521.png	
0	1	0	1	1	2	2	523.png	
1	1	0	1	1	2	2	524.png	
2	1	0	1	1	2	2	525.png	
0	1	0	1	1	2	2	526.png	
1	1	0	1	2	2	2	527.png	
2	1	0	1	1	2	2	528.png	
2	1	0	1	1	2	2	529.png	
