2.0	0.0	2.0	2.0	2.0	0.0	1.0	0	0	0	1	1.png
2.0	0.0	1.0	0.0	0.0	1.0	1.0	0	0	0	1	2.png
2.0	0.0	2.0	1.0	1.0	2.0	4.0	0	0	0	1	3.png
1.0	1.0	2.0	2.0	2.0	2.0	1.0	0	0	0	1	4.png
2.0	1.0	0.0	1.0	2.0	1.0	2.0	0	0	0	1	5.png
1.0	1.0	2.0	0.0	0.0	1.0	3.0	1	1	0	0	6.png
2.0	1.0	2.0	2.0	1.0	2.0	1.0	0	0	0	1	7.png
0.0	1.0	0.0	1.0	2.0	1.0	2.0	0	0	0	1	8.png
0.0	1.0	0.0	1.0	1.0	1.0	5.0	0	0	1	0	9.png
2.0	1.0	2.0	0.0	1.0	2.0	1.0	0	0	0	1	10.png
0.0	1.0	0.0	1.0	2.0	2.0	3.0	0	0	0	1	100.png
0.0	1.0	0.0	1.0	2.0	1.0	3.0	0	0	0	1	101.png
2.0	1.0	0.0	1.0	2.0	2.0	3.0	0	0	0	1	102.png
2.0	1.0	2.0	2.0	2.0	2.0	2.0	0	0	0	1	103.png
1.0	1.0	2.0	2.0	0.0	1.0	5.0	0	0	0	1	104.png
0.0	1.0	2.0	2.0	2.0	2.0	0.0	0	0	0	1	105.png
0.0	1.0	2.0	2.0	1.0	0.0	1.0	0	0	1	0	106.png
0.0	1.0	2.0	1.0	1.0	2.0	1.0	0	0	1	0	107.png
1.0	1.0	0.0	1.0	2.0	0.0	2.0	0	0	0	1	108.png
0.0	1.0	0.0	1.0	1.0	0.0	6.0	0	0	1	0	109.png
0.0	1.0	0.0	1.0	2.0	2.0	2.0	0	0	0	1	11.png
2.0	1.0	2.0	2.0	2.0	1.0	2.0	0	0	0	1	110.png
0.0	0.0	2.0	0.0	0.0	2.0	0.0	0	0	0	1	111.png
0.0	0.0	0.0	1.0	2.0	0.0	1.0	0	0	0	1	112.png
2.0	1.0	0.0	1.0	1.0	2.0	1.0	0	0	0	1	113.png
0.0	1.0	2.0	2.0	1.0	1.0	4.0	0	0	1	0	114.png
0.0	1.0	2.0	2.0	0.0	1.0	1.0	0	0	1	0	115.png
1.0	0.0	2.0	2.0	2.0	2.0	1.0	0	0	0	1	116.png
1.0	1.0	2.0	2.0	2.0	2.0	1.0	0	0	0	1	117.png
1.0	0.0	2.0	0.0	2.0	2.0	1.0	0	0	0	1	118.png
2.0	1.0	0.0	1.0	2.0	1.0	1.0	0	0	0	1	12.png
0.0	0.0	0.0	1.0	1.0	2.0	1.0	0	0	0	1	120.png
0.0	1.0	0.0	1.0	2.0	2.0	1.0	0	0	0	1	121.png
0.0	1.0	0.0	1.0	1.0	2.0	1.0	0	0	1	0	122.png
0.0	1.0	0.0	1.0	2.0	2.0	1.0	0	0	0	1	123.png
0.0	0.0	0.0	1.0	1.0	2.0	2.0	0	0	0	1	124.png
0.0	0.0	0.0	1.0	1.0	2.0	2.0	0	0	0	1	125.png
1.0	0.0	0.0	1.0	1.0	2.0	2.0	0	0	0	1	126.png
2.0	1.0	0.0	1.0	1.0	2.0	2.0	0	0	0	1	127.png
0.0	0.0	2.0	2.0	2.0	1.0	2.0	0	0	0	1	128.png
0.0	0.0	2.0	2.0	2.0	1.0	2.0	0	0	0	1	129.png
2.0	1.0	2.0	0.0	1.0	2.0	1.0	0	0	0	1	13.png
0.0	0.0	2.0	2.0	2.0	1.0	2.0	0	0	0	1	130.png
0.0	1.0	2.0	2.0	2.0	1.0	2.0	0	0	0	1	131.png
0.0	1.0	0.0	1.0	2.0	2.0	2.0	0	0	0	1	132.png
0.0	1.0	0.0	1.0	2.0	2.0	2.0	0	0	0	1	133.png
0.0	1.0	0.0	1.0	2.0	2.0	2.0	0	0	0	1	134.png
0.0	1.0	0.0	1.0	1.0	2.0	2.0	0	0	1	0	135.png
2.0	1.0	0.0	0.0	0.0	1.0	2.0	0	0	0	1	136.png
1.0	1.0	2.0	0.0	0.0	1.0	2.0	1	0	0	0	137.png
1.0	0.0	2.0	0.0	0.0	1.0	2.0	0	0	0	1	138.png
2.0	0.0	2.0	2.0	2.0	2.0	5.0	0	0	0	1	139.png
0.0	1.0	2.0	0.0	0.0	1.0	3.0	0	1	1	0	14.png
0.0	0.0	2.0	0.0	1.0	2.0	5.0	0	0	0	1	140.png
2.0	0.0	2.0	0.0	2.0	2.0	5.0	0	0	0	1	141.png
0.0	1.0	2.0	2.0	2.0	2.0	2.0	0	0	0	1	142.png
1.0	1.0	0.0	2.0	1.0	2.0	2.0	0	0	0	1	143.png
2.0	1.0	2.0	0.0	0.0	2.0	2.0	0	0	0	1	144.png
1.0	1.0	2.0	2.0	2.0	2.0	2.0	0	0	0	1	145.png
0.0	0.0	2.0	0.0	2.0	2.0	1.0	0	0	0	1	146.png
0.0	1.0	2.0	1.0	2.0	1.0	1.0	0	0	0	1	147.png
0.0	1.0	2.0	2.0	2.0	1.0	1.0	0	0	0	1	148.png
0.0	0.0	2.0	2.0	2.0	2.0	0.0	0	0	0	1	149.png
2.0	1.0	2.0	2.0	2.0	2.0	3.0	0	0	0	1	15.png
2.0	0.0	1.0	0.0	2.0	2.0	1.0	0	0	0	1	150.png
2.0	1.0	2.0	0.0	2.0	2.0	1.0	0	0	0	1	151.png
1.0	1.0	1.0	0.0	2.0	2.0	1.0	0	0	0	1	152.png
1.0	0.0	1.0	0.0	2.0	2.0	0.0	0	0	0	1	153.png
2.0	0.0	2.0	0.0	2.0	1.0	1.0	0	0	0	1	154.png
0.0	0.0	2.0	0.0	2.0	1.0	1.0	0	0	0	1	155.png
2.0	1.0	2.0	0.0	2.0	2.0	1.0	0	0	0	1	156.png
2.0	1.0	1.0	0.0	2.0	2.0	1.0	0	0	0	1	157.png
1.0	0.0	1.0	0.0	0.0	1.0	1.0	0	0	0	1	158.png
2.0	0.0	2.0	0.0	2.0	2.0	1.0	0	0	0	1	159.png
2.0	1.0	2.0	2.0	2.0	2.0	1.0	0	0	0	1	16.png
0.0	0.0	2.0	0.0	2.0	2.0	0.0	0	0	0	1	160.png
0.0	1.0	2.0	2.0	2.0	2.0	1.0	0	0	0	1	161.png
2.0	0.0	2.0	0.0	0.0	1.0	1.0	0	0	0	1	162.png
0.0	1.0	1.0	0.0	0.0	1.0	1.0	0	0	1	0	163.png
0.0	0.0	2.0	0.0	0.0	1.0	0.0	0	0	0	1	164.png
1.0	0.0	2.0	0.0	2.0	1.0	1.0	0	0	0	1	165.png
1.0	0.0	2.0	0.0	0.0	1.0	1.0	0	0	0	1	166.png
0.0	0.0	2.0	0.0	0.0	1.0	0.0	0	0	0	1	167.png
1.0	0.0	2.0	0.0	0.0	1.0	0.0	0	0	0	1	168.png
0.0	0.0	1.0	0.0	0.0	1.0	0.0	0	0	0	1	169.png
2.0	1.0	2.0	2.0	1.0	0.0	5.0	0	0	0	1	17.png
0.0	0.0	2.0	0.0	0.0	1.0	1.0	0	0	0	1	170.png
0.0	0.0	1.0	0.0	2.0	2.0	1.0	0	0	0	1	171.png
1.0	0.0	2.0	0.0	0.0	2.0	1.0	0	0	0	1	172.png
0.0	1.0	2.0	0.0	0.0	1.0	2.0	0	0	1	0	173.png
0.0	1.0	2.0	1.0	1.0	1.0	1.0	0	0	1	0	175.png
2.0	1.0	0.0	1.0	1.0	0.0	2.0	0	0	0	1	176.png
2.0	1.0	2.0	2.0	2.0	1.0	1.0	0	0	0	1	177.png
0.0	1.0	2.0	0.0	2.0	2.0	3.0	0	1	0	0	178.png
2.0	1.0	0.0	1.0	1.0	0.0	4.0	0	0	0	1	179.png
2.0	0.0	2.0	2.0	1.0	1.0	3.0	0	0	0	1	180.png
2.0	1.0	0.0	1.0	1.0	2.0	4.0	0	0	0	1	181.png
0.0	1.0	0.0	1.0	1.0	0.0	2.0	0	0	1	0	182.png
2.0	1.0	2.0	1.0	1.0	0.0	6.0	0	0	0	1	183.png
0.0	1.0	2.0	2.0	2.0	1.0	3.0	0	0	0	1	184.png
0.0	1.0	2.0	1.0	1.0	1.0	2.0	0	0	1	0	185.png
1.0	1.0	0.0	1.0	1.0	0.0	3.0	0	0	0	1	186.png
0.0	1.0	1.0	0.0	0.0	1.0	2.0	0	0	1	0	187.png
2.0	1.0	0.0	1.0	1.0	1.0	3.0	0	0	0	1	188.png
0.0	1.0	0.0	2.0	2.0	2.0	3.0	0	0	0	1	189.png
0.0	1.0	0.0	1.0	2.0	2.0	3.0	0	0	0	1	190.png
0.0	1.0	0.0	1.0	1.0	2.0	1.0	0	0	1	0	191.png
0.0	1.0	0.0	1.0	1.0	1.0	2.0	0	0	1	0	192.png
0.0	0.0	1.0	2.0	2.0	1.0	5.0	0	0	0	1	193.png
0.0	1.0	0.0	2.0	2.0	1.0	2.0	0	0	0	1	194.png
0.0	0.0	1.0	0.0	2.0	2.0	5.0	0	0	0	1	195.png
0.0	0.0	1.0	2.0	2.0	1.0	5.0	0	0	0	1	196.png
0.0	0.0	1.0	0.0	2.0	1.0	5.0	0	0	0	1	197.png
0.0	1.0	2.0	2.0	2.0	2.0	3.0	0	0	0	1	198.png
0.0	0.0	2.0	0.0	2.0	1.0	3.0	0	1	0	0	200.png
2.0	0.0	2.0	0.0	2.0	1.0	3.0	0	0	0	1	201.png
0.0	1.0	1.0	0.0	0.0	1.0	3.0	0	1	1	0	202.png
2.0	1.0	0.0	1.0	2.0	2.0	3.0	0	0	0	1	203.png
0.0	1.0	0.0	1.0	2.0	2.0	2.0	0	0	0	1	204.png
2.0	1.0	0.0	1.0	1.0	2.0	3.0	0	0	0	1	205.png
0.0	1.0	0.0	1.0	1.0	1.0	3.0	0	0	1	0	206.png
0.0	1.0	0.0	1.0	2.0	1.0	3.0	0	0	0	1	207.png
2.0	1.0	0.0	1.0	0.0	1.0	3.0	0	0	0	1	208.png
0.0	0.0	2.0	2.0	2.0	1.0	2.0	0	0	0	1	209.png
2.0	0.0	1.0	0.0	0.0	1.0	2.0	0	0	0	1	210.png
2.0	0.0	2.0	0.0	0.0	1.0	2.0	0	0	0	1	211.png
2.0	1.0	0.0	1.0	1.0	0.0	2.0	0	0	0	1	212.png
1.0	1.0	0.0	1.0	1.0	0.0	2.0	0	0	0	1	213.png
2.0	1.0	1.0	2.0	0.0	2.0	5.0	0	0	0	1	214.png
2.0	1.0	1.0	0.0	2.0	2.0	1.0	0	0	0	1	215.png
0.0	1.0	0.0	1.0	1.0	2.0	2.0	0	0	1	0	216.png
0.0	1.0	0.0	1.0	2.0	2.0	2.0	0	0	0	1	217.png
2.0	1.0	0.0	1.0	1.0	2.0	2.0	0	0	0	1	218.png
2.0	1.0	0.0	1.0	1.0	0.0	4.0	0	0	0	1	219.png
2.0	1.0	0.0	1.0	1.0	0.0	4.0	0	0	0	1	220.png
2.0	1.0	0.0	1.0	2.0	0.0	4.0	0	0	0	1	221.png
0.0	1.0	0.0	1.0	2.0	1.0	6.0	0	0	0	1	222.png
2.0	1.0	0.0	1.0	2.0	1.0	6.0	0	0	0	1	223.png
1.0	1.0	0.0	1.0	2.0	1.0	6.0	0	0	0	1	224.png
2.0	1.0	2.0	0.0	0.0	1.0	2.0	0	0	0	1	225.png
1.0	1.0	2.0	2.0	1.0	1.0	4.0	0	0	0	1	226.png
2.0	1.0	2.0	1.0	2.0	1.0	2.0	0	0	0	1	227.png
0.0	1.0	2.0	2.0	2.0	2.0	2.0	0	0	0	1	228.png
0.0	0.0	2.0	0.0	0.0	1.0	3.0	0	1	0	0	229.png
1.0	0.0	2.0	0.0	2.0	1.0	4.0	0	1	0	0	230.png
0.0	1.0	0.0	1.0	1.0	2.0	1.0	0	0	1	0	231.png
2.0	0.0	2.0	2.0	1.0	0.0	2.0	0	0	0	1	232.png
0.0	0.0	2.0	2.0	1.0	0.0	1.0	0	0	0	1	233.png
0.0	0.0	2.0	2.0	2.0	1.0	5.0	0	0	0	1	234.png
0.0	1.0	2.0	1.0	2.0	1.0	2.0	0	0	0	1	235.png
0.0	1.0	0.0	1.0	1.0	1.0	2.0	0	0	1	0	236.png
0.0	1.0	2.0	2.0	0.0	1.0	2.0	0	0	1	0	237.png
0.0	1.0	2.0	2.0	1.0	2.0	1.0	0	0	1	0	238.png
0.0	0.0	2.0	2.0	2.0	2.0	1.0	0	0	0	1	239.png
0.0	0.0	2.0	2.0	1.0	2.0	1.0	0	0	0	1	240.png
2.0	0.0	2.0	2.0	1.0	2.0	1.0	0	0	0	1	241.png
0.0	1.0	0.0	1.0	1.0	0.0	2.0	0	0	1	0	242.png
2.0	1.0	0.0	1.0	1.0	0.0	2.0	0	0	0	1	243.png
0.0	1.0	0.0	1.0	1.0	0.0	2.0	0	0	1	0	244.png
0.0	1.0	0.0	1.0	1.0	0.0	2.0	0	0	1	0	245.png
0.0	1.0	2.0	1.0	2.0	1.0	2.0	0	0	0	1	246.png
2.0	1.0	2.0	1.0	1.0	1.0	2.0	0	0	0	1	247.png
2.0	0.0	2.0	2.0	2.0	1.0	5.0	0	0	0	1	248.png
2.0	1.0	2.0	2.0	2.0	1.0	6.0	0	0	0	1	249.png
0.0	1.0	0.0	1.0	2.0	1.0	5.0	0	0	0	1	250.png
0.0	1.0	2.0	1.0	0.0	1.0	1.0	0	0	1	0	251.png
0.0	1.0	2.0	2.0	0.0	1.0	1.0	0	0	1	0	252.png
2.0	0.0	2.0	2.0	0.0	1.0	1.0	0	0	0	1	253.png
0.0	1.0	2.0	1.0	1.0	0.0	1.0	0	0	1	0	254.png
0.0	1.0	2.0	1.0	1.0	0.0	1.0	0	0	1	0	255.png
2.0	0.0	2.0	2.0	1.0	0.0	1.0	0	0	0	1	256.png
0.0	0.0	2.0	2.0	1.0	0.0	1.0	0	0	0	1	257.png
0.0	1.0	0.0	1.0	2.0	2.0	6.0	0	0	0	1	258.png
2.0	1.0	0.0	1.0	1.0	2.0	6.0	0	0	0	1	259.png
0.0	1.0	0.0	1.0	2.0	2.0	5.0	0	0	0	1	260.png
0.0	1.0	0.0	1.0	2.0	2.0	6.0	0	0	0	1	261.png
0.0	1.0	0.0	1.0	1.0	2.0	1.0	0	0	1	0	262.png
0.0	1.0	2.0	1.0	1.0	2.0	1.0	0	0	1	0	263.png
0.0	1.0	0.0	1.0	2.0	2.0	6.0	0	0	0	1	264.png
2.0	1.0	2.0	2.0	2.0	2.0	2.0	0	0	0	1	265.png
0.0	1.0	2.0	2.0	2.0	2.0	2.0	0	0	0	1	266.png
0.0	1.0	0.0	1.0	2.0	2.0	6.0	0	0	0	1	267.png
0.0	1.0	0.0	1.0	0.0	2.0	5.0	0	0	1	0	268.png
0.0	0.0	2.0	1.0	1.0	2.0	3.0	0	0	0	1	270.png
0.0	1.0	2.0	1.0	1.0	0.0	2.0	0	0	1	0	271.png
0.0	1.0	0.0	1.0	1.0	0.0	2.0	0	0	1	0	272.png
0.0	0.0	0.0	1.0	1.0	0.0	5.0	0	0	0	1	273.png
0.0	1.0	0.0	1.0	1.0	0.0	5.0	0	0	1	0	274.png
0.0	1.0	0.0	1.0	1.0	0.0	5.0	0	0	1	0	275.png
0.0	0.0	2.0	0.0	1.0	1.0	4.0	0	1	0	0	276.png
0.0	0.0	2.0	2.0	1.0	1.0	4.0	0	0	0	1	277.png
2.0	1.0	2.0	0.0	1.0	1.0	3.0	0	0	0	1	278.png
0.0	0.0	2.0	0.0	1.0	1.0	4.0	0	1	0	0	279.png
2.0	0.0	2.0	0.0	2.0	1.0	3.0	0	0	0	1	280.png
2.0	1.0	2.0	2.0	2.0	1.0	1.0	0	0	0	1	281.png
2.0	1.0	2.0	2.0	0.0	2.0	6.0	0	0	0	1	282.png
1.0	1.0	0.0	1.0	1.0	1.0	6.0	0	0	0	1	283.png
2.0	1.0	0.0	1.0	0.0	2.0	3.0	0	0	0	1	284.png
2.0	1.0	0.0	1.0	1.0	2.0	6.0	0	0	0	1	285.png
2.0	0.0	2.0	2.0	1.0	2.0	3.0	0	0	0	1	286.png
2.0	1.0	2.0	2.0	2.0	1.0	5.0	0	0	0	1	287.png
1.0	1.0	0.0	1.0	2.0	2.0	2.0	0	0	0	1	288.png
1.0	1.0	0.0	1.0	2.0	2.0	6.0	0	0	0	1	289.png
2.0	1.0	2.0	1.0	2.0	1.0	1.0	0	0	0	1	290.png
2.0	1.0	0.0	1.0	1.0	1.0	1.0	0	0	0	1	291.png
0.0	1.0	2.0	2.0	1.0	2.0	3.0	0	0	1	0	292.png
2.0	1.0	0.0	1.0	1.0	1.0	5.0	0	0	0	1	293.png
2.0	0.0	0.0	1.0	2.0	1.0	4.0	0	0	0	1	294.png
1.0	1.0	0.0	1.0	1.0	2.0	6.0	0	0	0	1	295.png
0.0	1.0	2.0	1.0	1.0	1.0	2.0	0	0	1	0	296.png
2.0	1.0	0.0	1.0	0.0	2.0	3.0	0	0	0	1	297.png
2.0	0.0	2.0	1.0	2.0	1.0	1.0	0	0	0	1	298.png
2.0	1.0	2.0	2.0	2.0	1.0	1.0	0	0	0	1	299.png
1.0	1.0	0.0	1.0	2.0	2.0	2.0	0	0	0	1	300.png
2.0	1.0	0.0	1.0	0.0	2.0	4.0	0	0	0	1	301.png
2.0	0.0	2.0	2.0	2.0	2.0	4.0	0	0	0	1	302.png
0.0	1.0	2.0	2.0	1.0	1.0	2.0	0	0	1	0	303.png
0.0	0.0	0.0	1.0	2.0	1.0	1.0	0	0	0	1	304.png
2.0	1.0	2.0	2.0	2.0	1.0	5.0	0	0	0	1	305.png
2.0	1.0	2.0	0.0	2.0	2.0	4.0	0	0	0	1	306.png
2.0	1.0	0.0	1.0	2.0	2.0	3.0	0	0	0	1	307.png
0.0	0.0	1.0	0.0	0.0	1.0	3.0	0	1	0	0	308.png
0.0	0.0	2.0	0.0	0.0	1.0	3.0	0	1	0	0	309.png
2.0	1.0	0.0	1.0	2.0	2.0	2.0	0	0	0	1	310.png
2.0	0.0	2.0	2.0	2.0	2.0	3.0	0	0	0	1	311.png
2.0	0.0	2.0	0.0	0.0	2.0	2.0	0	0	0	1	312.png
2.0	1.0	0.0	1.0	1.0	2.0	5.0	0	0	0	1	313.png
0.0	1.0	0.0	1.0	0.0	1.0	2.0	0	0	1	0	314.png
1.0	1.0	0.0	1.0	2.0	1.0	2.0	0	0	0	1	315.png
2.0	1.0	2.0	1.0	2.0	1.0	4.0	0	0	0	1	316.png
2.0	1.0	0.0	1.0	1.0	2.0	2.0	0	0	0	1	317.png
0.0	0.0	2.0	2.0	2.0	1.0	1.0	0	0	0	1	319.png
2.0	0.0	2.0	2.0	1.0	1.0	6.0	0	0	0	1	320.png
0.0	0.0	2.0	0.0	2.0	1.0	1.0	0	0	0	1	321.png
2.0	0.0	2.0	2.0	2.0	1.0	6.0	0	0	0	1	322.png
0.0	1.0	1.0	0.0	0.0	1.0	1.0	0	0	1	0	323.png
0.0	1.0	0.0	1.0	1.0	0.0	3.0	0	0	1	0	324.png
2.0	0.0	2.0	1.0	1.0	1.0	2.0	0	0	0	1	325.png
2.0	1.0	0.0	1.0	1.0	2.0	2.0	0	0	0	1	326.png
0.0	1.0	2.0	1.0	2.0	1.0	3.0	0	0	0	1	327.png
0.0	0.0	2.0	0.0	2.0	1.0	1.0	0	0	0	1	328.png
0.0	1.0	2.0	2.0	2.0	2.0	3.0	0	0	0	1	329.png
2.0	0.0	2.0	1.0	2.0	1.0	1.0	0	0	0	1	330.png
2.0	0.0	2.0	1.0	2.0	2.0	0.0	0	0	0	1	331.png
0.0	1.0	0.0	1.0	2.0	1.0	1.0	0	0	0	1	332.png
0.0	1.0	0.0	1.0	1.0	0.0	3.0	0	0	1	0	333.png
2.0	1.0	2.0	2.0	2.0	1.0	2.0	0	0	0	1	334.png
2.0	1.0	2.0	2.0	2.0	2.0	3.0	0	0	0	1	335.png
2.0	1.0	0.0	1.0	2.0	1.0	3.0	0	0	0	1	336.png
2.0	0.0	2.0	1.0	2.0	2.0	1.0	0	0	0	1	337.png
2.0	1.0	0.0	1.0	2.0	1.0	1.0	0	0	0	1	338.png
2.0	1.0	0.0	1.0	2.0	0.0	3.0	0	0	0	1	339.png
1.0	1.0	0.0	2.0	2.0	1.0	2.0	0	0	0	1	340.png
2.0	1.0	2.0	2.0	2.0	2.0	3.0	0	0	0	1	341.png
2.0	1.0	0.0	1.0	2.0	1.0	3.0	0	0	0	1	342.png
2.0	0.0	2.0	1.0	2.0	2.0	0.0	0	0	0	1	343.png
0.0	1.0	0.0	1.0	1.0	0.0	2.0	0	0	1	0	344.png
2.0	1.0	2.0	1.0	2.0	1.0	1.0	0	0	0	1	345.png
0.0	1.0	0.0	1.0	1.0	0.0	3.0	0	0	1	0	346.png
1.0	1.0	0.0	1.0	2.0	1.0	2.0	0	0	0	1	347.png
2.0	1.0	2.0	1.0	2.0	0.0	3.0	0	0	0	1	348.png
2.0	1.0	0.0	1.0	1.0	1.0	3.0	0	0	0	1	349.png
2.0	1.0	2.0	1.0	2.0	2.0	0.0	0	0	0	1	350.png
2.0	1.0	0.0	2.0	1.0	1.0	1.0	0	0	0	1	351.png
2.0	1.0	0.0	1.0	1.0	0.0	3.0	0	0	0	1	352.png
1.0	1.0	0.0	0.0	2.0	1.0	2.0	0	0	0	1	353.png
0.0	1.0	2.0	1.0	2.0	2.0	3.0	0	0	0	1	354.png
0.0	1.0	0.0	1.0	2.0	1.0	3.0	0	0	0	1	355.png
2.0	1.0	2.0	1.0	2.0	1.0	1.0	0	0	0	1	356.png
2.0	1.0	0.0	1.0	1.0	0.0	3.0	0	0	0	1	357.png
2.0	1.0	2.0	2.0	0.0	1.0	2.0	0	0	0	1	358.png
2.0	1.0	2.0	2.0	1.0	2.0	3.0	0	0	0	1	359.png
0.0	1.0	0.0	1.0	1.0	1.0	3.0	0	0	1	0	360.png
2.0	0.0	2.0	2.0	0.0	2.0	0.0	0	0	0	1	361.png
0.0	1.0	2.0	2.0	2.0	1.0	1.0	0	0	0	1	362.png
2.0	1.0	0.0	1.0	2.0	0.0	3.0	0	0	0	1	363.png
0.0	1.0	2.0	2.0	2.0	1.0	2.0	0	0	0	1	364.png
2.0	1.0	2.0	1.0	2.0	0.0	3.0	0	0	0	1	365.png
0.0	1.0	0.0	1.0	1.0	1.0	3.0	0	0	1	0	366.png
2.0	0.0	2.0	1.0	0.0	2.0	0.0	0	0	0	1	367.png
2.0	1.0	2.0	2.0	2.0	1.0	1.0	0	0	0	1	368.png
2.0	1.0	0.0	1.0	1.0	0.0	4.0	0	0	0	1	369.png
1.0	1.0	0.0	1.0	2.0	1.0	2.0	0	0	0	1	370.png
2.0	1.0	0.0	1.0	1.0	0.0	3.0	0	0	0	1	371.png
2.0	1.0	0.0	1.0	1.0	1.0	3.0	0	0	0	1	372.png
2.0	1.0	0.0	1.0	2.0	2.0	1.0	0	0	0	1	373.png
1.0	1.0	2.0	2.0	0.0	1.0	1.0	0	0	0	1	374.png
2.0	1.0	0.0	1.0	2.0	0.0	4.0	0	0	0	1	375.png
2.0	1.0	2.0	2.0	2.0	1.0	2.0	0	0	0	1	376.png
0.0	1.0	2.0	1.0	2.0	0.0	3.0	0	0	0	1	377.png
2.0	1.0	0.0	1.0	2.0	1.0	3.0	0	0	0	1	378.png
2.0	1.0	2.0	1.0	2.0	2.0	0.0	0	0	0	1	379.png
0.0	1.0	0.0	1.0	2.0	1.0	1.0	0	0	0	1	380.png
0.0	1.0	0.0	1.0	1.0	0.0	4.0	0	0	1	0	381.png
0.0	1.0	0.0	2.0	0.0	1.0	2.0	0	0	1	0	382.png
2.0	1.0	0.0	1.0	1.0	2.0	3.0	0	0	0	1	383.png
0.0	1.0	0.0	1.0	1.0	1.0	3.0	0	0	1	0	384.png
2.0	1.0	2.0	1.0	0.0	2.0	0.0	0	0	0	1	385.png
2.0	1.0	2.0	2.0	0.0	1.0	1.0	0	0	0	1	386.png
2.0	1.0	0.0	1.0	2.0	0.0	3.0	0	0	0	1	387.png
0.0	0.0	2.0	2.0	2.0	1.0	2.0	0	0	0	1	388.png
2.0	1.0	2.0	2.0	2.0	2.0	3.0	0	0	0	1	389.png
2.0	1.0	0.0	1.0	1.0	1.0	3.0	0	0	0	1	390.png
2.0	1.0	2.0	1.0	2.0	2.0	1.0	0	0	0	1	391.png
0.0	1.0	2.0	2.0	0.0	1.0	1.0	0	0	1	0	392.png
2.0	1.0	1.0	2.0	0.0	1.0	1.0	0	0	0	1	393.png
0.0	0.0	2.0	2.0	2.0	1.0	1.0	0	0	0	1	394.png
0.0	0.0	2.0	2.0	2.0	2.0	6.0	0	0	0	1	395.png
2.0	1.0	0.0	1.0	1.0	2.0	1.0	0	0	0	1	396.png
0.0	0.0	2.0	1.0	1.0	2.0	1.0	0	0	0	1	397.png
0.0	1.0	0.0	1.0	1.0	2.0	1.0	0	0	1	0	398.png
2.0	1.0	0.0	1.0	1.0	2.0	1.0	0	0	0	1	399.png
2.0	1.0	2.0	0.0	0.0	1.0	2.0	0	0	0	1	400.png
0.0	1.0	0.0	1.0	2.0	1.0	6.0	0	0	0	1	401.png
2.0	1.0	0.0	1.0	2.0	2.0	3.0	0	0	0	1	402.png
0.0	1.0	0.0	1.0	1.0	2.0	3.0	0	0	1	0	403.png
1.0	1.0	2.0	2.0	0.0	2.0	2.0	0	0	0	1	404.png
1.0	1.0	2.0	2.0	0.0	2.0	2.0	0	0	0	1	405.png
0.0	1.0	2.0	2.0	0.0	2.0	1.0	0	0	1	0	406.png
2.0	1.0	0.0	1.0	2.0	2.0	5.0	0	0	0	1	407.png
2.0	1.0	2.0	2.0	1.0	2.0	2.0	0	0	0	1	408.png
2.0	1.0	2.0	1.0	1.0	2.0	2.0	0	0	0	1	409.png
2.0	1.0	2.0	2.0	2.0	2.0	3.0	0	0	0	1	410.png
0.0	0.0	2.0	2.0	1.0	2.0	6.0	0	0	0	1	411.png
0.0	0.0	1.0	2.0	1.0	2.0	5.0	0	0	0	1	412.png
0.0	1.0	2.0	1.0	2.0	2.0	5.0	0	0	0	1	413.png
0.0	1.0	0.0	1.0	2.0	2.0	5.0	0	0	0	1	414.png
0.0	1.0	2.0	2.0	2.0	1.0	2.0	0	0	0	1	415.png
0.0	1.0	2.0	1.0	2.0	1.0	2.0	0	0	0	1	416.png
0.0	1.0	0.0	1.0	1.0	1.0	1.0	0	0	1	0	417.png
2.0	1.0	0.0	1.0	1.0	1.0	1.0	0	0	0	1	418.png
2.0	1.0	0.0	1.0	0.0	2.0	2.0	0	0	0	1	419.png
2.0	1.0	0.0	1.0	2.0	2.0	2.0	0	0	0	1	420.png
1.0	1.0	2.0	1.0	2.0	1.0	1.0	0	0	0	1	421.png
1.0	1.0	2.0	2.0	2.0	1.0	4.0	0	0	0	1	423.png
2.0	1.0	0.0	1.0	2.0	1.0	2.0	0	0	0	1	424.png
2.0	1.0	0.0	1.0	1.0	0.0	3.0	0	0	0	1	425.png
2.0	0.0	0.0	1.0	2.0	1.0	2.0	0	0	0	1	426.png
1.0	1.0	0.0	1.0	1.0	2.0	2.0	0	0	0	1	427.png
0.0	1.0	1.0	0.0	0.0	1.0	1.0	0	0	1	0	428.png
2.0	1.0	1.0	1.0	2.0	2.0	4.0	0	0	0	1	429.png
2.0	1.0	2.0	2.0	2.0	2.0	3.0	0	0	0	1	430.png
0.0	1.0	2.0	2.0	2.0	2.0	2.0	0	0	0	1	431.png
2.0	1.0	0.0	1.0	0.0	2.0	3.0	0	0	0	1	432.png
2.0	1.0	0.0	1.0	1.0	2.0	1.0	0	0	0	1	433.png
0.0	1.0	2.0	1.0	1.0	1.0	2.0	0	0	1	0	434.png
2.0	0.0	1.0	2.0	0.0	1.0	1.0	0	0	0	1	435.png
2.0	1.0	2.0	0.0	2.0	2.0	2.0	0	0	0	1	436.png
2.0	0.0	0.0	1.0	2.0	1.0	2.0	0	0	0	1	437.png
2.0	1.0	2.0	1.0	1.0	2.0	6.0	0	0	0	1	438.png
1.0	1.0	0.0	1.0	2.0	1.0	3.0	0	0	0	1	439.png
0.0	1.0	2.0	2.0	2.0	1.0	2.0	0	0	0	1	440.png
2.0	1.0	2.0	2.0	2.0	1.0	3.0	0	0	0	1	441.png
0.0	1.0	0.0	2.0	2.0	1.0	2.0	0	0	0	1	442.png
2.0	1.0	2.0	2.0	2.0	1.0	1.0	0	0	0	1	443.png
2.0	1.0	2.0	1.0	2.0	1.0	1.0	0	0	0	1	444.png
0.0	1.0	2.0	2.0	2.0	2.0	2.0	0	0	0	1	445.png
0.0	1.0	1.0	0.0	0.0	1.0	1.0	0	0	1	0	446.png
0.0	1.0	2.0	0.0	0.0	1.0	6.0	0	0	1	0	447.png
1.0	1.0	2.0	1.0	1.0	1.0	3.0	0	0	0	1	448.png
1.0	1.0	2.0	1.0	1.0	1.0	3.0	0	0	0	1	449.png
2.0	1.0	2.0	1.0	1.0	0.0	1.0	0	0	0	1	450.png
2.0	1.0	0.0	1.0	2.0	2.0	2.0	0	0	0	1	451.png
2.0	1.0	0.0	1.0	2.0	2.0	2.0	0	0	0	1	452.png
2.0	1.0	2.0	2.0	2.0	1.0	5.0	0	0	0	1	453.png
0.0	1.0	2.0	2.0	2.0	1.0	2.0	0	0	0	1	454.png
1.0	1.0	0.0	1.0	1.0	0.0	1.0	0	0	0	1	455.png
2.0	1.0	0.0	1.0	1.0	0.0	1.0	0	0	0	1	456.png
2.0	1.0	2.0	2.0	1.0	1.0	1.0	0	0	0	1	457.png
0.0	1.0	2.0	1.0	2.0	1.0	1.0	0	0	0	1	458.png
2.0	1.0	0.0	1.0	1.0	0.0	2.0	0	0	0	1	459.png
2.0	1.0	0.0	1.0	1.0	2.0	2.0	0	0	0	1	460.png
1.0	0.0	2.0	0.0	0.0	1.0	3.0	0	1	0	0	461.png
0.0	1.0	2.0	0.0	0.0	1.0	3.0	0	1	1	0	462.png
0.0	1.0	2.0	0.0	2.0	1.0	1.0	0	0	0	1	463.png
2.0	0.0	2.0	2.0	2.0	1.0	1.0	0	0	0	1	464.png
2.0	1.0	2.0	0.0	1.0	1.0	1.0	0	0	0	1	465.png
2.0	1.0	2.0	0.0	2.0	1.0	6.0	0	0	0	1	467.png
2.0	0.0	2.0	1.0	1.0	1.0	6.0	0	0	0	1	468.png
0.0	1.0	2.0	1.0	2.0	1.0	1.0	0	0	0	1	469.png
2.0	1.0	0.0	1.0	1.0	1.0	2.0	0	0	0	1	470.png
0.0	1.0	2.0	2.0	1.0	2.0	1.0	0	0	1	0	471.png
0.0	1.0	2.0	2.0	0.0	2.0	6.0	0	0	1	0	472.png
2.0	1.0	2.0	2.0	1.0	2.0	1.0	0	0	0	1	473.png
2.0	1.0	1.0	0.0	0.0	1.0	6.0	0	0	0	1	474.png
2.0	1.0	0.0	1.0	1.0	2.0	2.0	0	0	0	1	476.png
0.0	1.0	0.0	2.0	2.0	1.0	2.0	0	0	0	1	477.png
2.0	1.0	0.0	1.0	2.0	1.0	2.0	0	0	0	1	478.png
0.0	1.0	0.0	1.0	2.0	2.0	2.0	0	0	0	1	479.png
2.0	1.0	2.0	2.0	1.0	2.0	1.0	0	0	0	1	480.png
0.0	1.0	2.0	2.0	2.0	1.0	1.0	0	0	0	1	481.png
0.0	0.0	2.0	2.0	1.0	1.0	1.0	0	0	0	1	482.png
1.0	1.0	2.0	1.0	1.0	1.0	1.0	0	0	0	1	483.png
1.0	1.0	2.0	2.0	2.0	2.0	1.0	0	0	0	1	484.png
0.0	1.0	1.0	2.0	2.0	2.0	1.0	0	0	0	1	485.png
2.0	1.0	1.0	2.0	1.0	2.0	1.0	0	0	0	1	486.png
2.0	1.0	0.0	1.0	1.0	2.0	1.0	0	0	0	1	487.png
1.0	1.0	2.0	1.0	1.0	2.0	1.0	0	0	0	1	488.png
0.0	1.0	2.0	1.0	1.0	2.0	2.0	0	0	1	0	489.png
0.0	1.0	2.0	2.0	0.0	2.0	5.0	0	0	1	0	490.png
0.0	1.0	2.0	1.0	1.0	2.0	2.0	0	0	1	0	491.png
2.0	1.0	0.0	1.0	0.0	2.0	2.0	0	0	0	1	492.png
0.0	1.0	0.0	1.0	1.0	2.0	3.0	0	0	1	0	493.png
2.0	1.0	0.0	1.0	1.0	1.0	2.0	0	0	0	1	494.png
2.0	1.0	2.0	2.0	2.0	1.0	1.0	0	0	0	1	495.png
2.0	1.0	0.0	1.0	1.0	0.0	2.0	0	0	0	1	496.png
2.0	1.0	0.0	1.0	1.0	0.0	3.0	0	0	0	1	497.png
0.0	1.0	0.0	1.0	2.0	1.0	3.0	0	0	0	1	498.png
0.0	1.0	2.0	1.0	1.0	1.0	2.0	0	0	1	0	499.png
2.0	1.0	0.0	1.0	1.0	0.0	3.0	0	0	0	1	500.png
0.0	1.0	0.0	2.0	0.0	2.0	3.0	0	0	1	0	501.png
0.0	1.0	2.0	1.0	1.0	1.0	3.0	0	0	1	0	502.png
0.0	1.0	0.0	1.0	1.0	1.0	2.0	0	0	1	0	503.png
0.0	1.0	0.0	1.0	0.0	1.0	1.0	0	0	1	0	504.png
2.0	1.0	0.0	1.0	1.0	2.0	4.0	0	0	0	1	505.png
2.0	0.0	0.0	1.0	1.0	0.0	3.0	0	0	0	1	506.png
1.0	1.0	0.0	1.0	1.0	1.0	2.0	0	0	0	1	507.png
0.0	1.0	2.0	2.0	0.0	1.0	3.0	0	0	1	0	508.png
1.0	1.0	0.0	1.0	2.0	2.0	4.0	0	0	0	1	509.png
2.0	0.0	0.0	1.0	1.0	0.0	3.0	0	0	0	1	510.png
0.0	1.0	0.0	1.0	0.0	2.0	3.0	0	0	1	0	511.png
0.0	1.0	0.0	1.0	0.0	1.0	1.0	0	0	1	0	512.png
2.0	1.0	0.0	1.0	2.0	0.0	2.0	0	0	0	1	513.png
2.0	1.0	2.0	1.0	1.0	1.0	2.0	0	0	0	1	514.png
2.0	1.0	0.0	1.0	0.0	2.0	4.0	0	0	0	1	515.png
2.0	0.0	2.0	0.0	0.0	1.0	1.0	0	0	0	1	516.png
2.0	1.0	0.0	1.0	2.0	1.0	3.0	0	0	0	1	517.png
2.0	1.0	0.0	1.0	0.0	1.0	0.0	0	0	0	1	518.png
0.0	1.0	0.0	1.0	0.0	2.0	3.0	0	0	1	0	519.png
0.0	1.0	0.0	1.0	0.0	1.0	4.0	0	0	1	0	520.png
0.0	1.0	0.0	1.0	1.0	0.0	2.0	0	0	1	0	521.png
0.0	1.0	0.0	1.0	1.0	2.0	2.0	0	0	1	0	523.png
1.0	1.0	0.0	1.0	1.0	2.0	2.0	0	0	0	1	524.png
2.0	1.0	0.0	1.0	1.0	2.0	2.0	0	0	0	1	525.png
0.0	1.0	0.0	1.0	1.0	2.0	2.0	0	0	1	0	526.png
1.0	1.0	0.0	1.0	2.0	2.0	2.0	0	0	0	1	527.png
2.0	1.0	0.0	1.0	1.0	2.0	2.0	0	0	0	1	528.png
2.0	1.0	0.0	1.0	1.0	2.0	2.0	0	0	0	1	529.png
