0.18	3.84	54.75	2.99	1.47	186.7	-15.0	1.png	
0.0	2.59	37.0	17.16	2.54	140.9	-5.0	2.png	
-0.21	2.79	61.75	1.46	1.17	176.04	45.0	3.png	
-0.46	0.0	58.11	2.36	1.49	175.47	-15.0	4.png	
-0.15	0.76	79.22	1.12	1.3	147.34	15.0	5.png	
-1.07	0.23	43.5	6.52	2.95	125.51	30.0	6.png	
-0.29	0.05	61.43	2.08	1.14	167.78	-15.0	7.png	
0.55	0.36	78.75	1.21	1.2	147.22	15.0	8.png	
0.42	0.16	70.0	1.35	0.59	150.97	0.0	9.png	
-0.22	0.03	58.33	3.66	1.18	167.44	-15.0	10.png	
0.56	0.03	99.5	0.83	1.35	153.13	30.0	100.png	
0.37	0.06	65.88	1.84	1.24	143.88	30.0	101.png	
-0.29	0.51	103.13	1.16	1.31	173.6	30.0	102.png	
-0.25	0.55	56.0	2.66	1.61	159.7	15.0	103.png	
-0.38	0.0	51.33	2.39	2.65	121.95	0.0	104.png	
0.47	0.13	45.86	2.51	1.26	178.04	-30.0	105.png	
0.45	0.06	63.0	2.13	0.94	181.73	-5.0	106.png	
0.72	0.09	58.5	1.81	0.79	158.62	-15.0	107.png	
-0.38	0.87	69.83	1.6	1.58	186.87	15.0	108.png	
0.23	0.7	74.71	1.25	1.02	187.48	180.0	109.png	
1.18	0.24	127.5	0.32	1.29	159.65	15.0	11.png	
-0.21	0.14	49.3	2.5	1.72	139.69	15.0	110.png	
0.54	5.35	47.67	6.91	2.65	175.98	-30.0	111.png	
0.23	1.82	81.5	1.09	1.49	183.45	-15.0	112.png	
0.01	0.65	83.3	1.08	1.15	169.36	-5.0	113.png	
0.21	1.21	57.78	2.3	1.07	140.76	45.0	114.png	
0.57	0.09	55.0	2.52	2.2	125.75	-15.0	115.png	
-0.57	2.08	44.13	2.68	1.42	168.63	-15.0	116.png	
-0.37	0.13	45.1	3.01	1.4	163.99	-15.0	117.png	
-0.45	2.44	44.33	4.76	1.5	159.18	-15.0	118.png	
0.02	0.15	65.78	1.56	1.51	145.71	-5.0	12.png	
0.41	3.13	80.4	1.07	0.67	172.96	-5.0	120.png	
0.74	0.94	75.5	1.25	1.22	171.87	-15.0	121.png	
0.22	0.0	86.5	1.0	0.63	172.77	-5.0	122.png	
0.85	0.81	83.89	1.03	1.78	171.42	-15.0	123.png	
0.51	2.77	69.63	1.44	0.64	170.85	15.0	124.png	
0.4	2.37	71.75	1.36	0.93	169.74	15.0	125.png	
-0.31	2.03	82.29	1.09	0.64	172.25	15.0	126.png	
-0.04	0.15	73.67	1.3	0.61	171.08	15.0	127.png	
0.28	3.07	47.56	3.0	1.64	142.96	15.0	128.png	
0.55	2.89	49.56	2.81	1.6	146.34	15.0	129.png	
-0.28	0.02	56.5	4.56	1.16	167.06	-15.0	13.png	
0.3	2.95	49.56	2.44	1.3	144.33	15.0	130.png	
0.3	0.21	47.0	3.09	1.83	145.58	15.0	131.png	
0.39	1.38	74.5	1.34	1.53	169.06	15.0	132.png	
0.78	0.62	79.33	1.2	1.93	167.0	15.0	133.png	
0.31	0.18	70.86	1.46	1.53	167.65	15.0	134.png	
0.4	0.2	82.0	1.99	0.85	167.56	15.0	135.png	
-0.22	0.14	65.0	5.41	2.77	133.89	15.0	136.png	
-1.33	0.44	52.0	11.4	2.51	135.45	15.0	137.png	
-0.59	4.91	54.8	4.3	2.6	137.49	5.0	138.png	
0.19	3.04	61.75	3.47	1.72	165.35	0.0	139.png	
1.06	0.57	50.5	3.62	2.89	127.32	30.0	14.png	
0.59	5.25	60.0	4.22	1.16	168.28	0.0	140.png	
0.05	3.72	57.5	4.04	1.98	167.99	0.0	141.png	
0.72	0.94	57.27	2.0	1.87	151.95	5.0	142.png	
-0.3	0.35	65.57	2.04	0.95	152.74	15.0	143.png	
-0.07	0.07	58.29	3.66	2.1	153.08	5.0	144.png	
-0.79	0.49	55.56	2.07	2.0	154.31	5.0	145.png	
0.41	1.9	50.5	5.07	1.62	159.75	-15.0	146.png	
0.45	1.65	50.22	1.84	1.56	141.03	-5.0	147.png	
0.49	1.52	50.57	2.34	1.58	138.21	-5.0	148.png	
0.24	2.45	44.86	3.15	1.72	153.57	-30.0	149.png	
-0.21	0.2	56.33	2.97	1.56	156.01	30.0	15.png	
-0.29	11.89	37.5	4.87	1.83	152.88	-15.0	150.png	
-0.15	1.65	40.0	8.64	1.57	153.05	-15.0	151.png	
-0.41	0.13	38.4	5.83	1.74	157.79	-15.0	152.png	
-0.43	2.33	38.67	5.42	1.61	151.2	-30.0	153.png	
0.03	3.15	42.6	5.15	1.97	150.15	-15.0	154.png	
0.29	2.26	45.2	4.08	1.61	150.76	-15.0	155.png	
0.05	0.16	42.57	4.02	1.76	155.74	-15.0	156.png	
-0.09	0.11	36.75	5.31	1.67	152.37	-15.0	157.png	
-0.34	2.92	36.0	9.49	3.27	141.95	-15.0	158.png	
-0.09	1.8	41.0	7.93	1.87	157.39	-15.0	159.png	
-0.08	0.07	54.57	2.93	1.54	164.52	-15.0	16.png	
0.29	6.61	44.5	4.95	1.49	153.87	-30.0	160.png	
0.52	1.59	44.75	2.99	1.73	151.18	-15.0	161.png	
-0.08	2.19	43.75	6.85	2.58	145.54	-15.0	162.png	
0.28	1.18	33.0	3.58	2.59	142.04	-15.0	163.png	
0.41	2.2	40.86	5.46	2.9	140.89	-30.0	164.png	
-0.36	1.89	41.71	5.14	1.88	140.7	-15.0	165.png	
-0.37	2.28	43.33	9.11	2.5	137.23	-15.0	166.png	
0.45	1.95	44.0	9.02	3.87	138.39	-30.0	167.png	
-0.71	2.36	42.75	3.57	2.3	140.98	-30.0	168.png	
0.22	2.94	34.0	12.22	2.78	138.69	-30.0	169.png	
0.15	0.44	64.14	2.02	1.03	181.5	0.0	17.png	
0.39	4.04	40.33	5.97	2.15	139.37	-15.0	170.png	
0.27	7.27	38.25	7.57	1.64	156.84	-15.0	171.png	
-0.66	2.08	40.0	7.11	2.74	162.62	-5.0	172.png	
0.69	0.16	43.0	24.4	3.89	138.41	15.0	173.png	
0.61	0.11	62.0	1.66	1.18	146.27	-5.0	175.png	
-0.19	0.0	81.29	1.44	0.77	183.54	15.0	176.png	
0.03	0.26	46.0	2.46	1.21	150.07	-15.0	177.png	
0.32	0.24	50.33	5.68	1.42	160.8	30.0	178.png	
-0.08	0.11	93.0	0.81	0.7	194.44	45.0	179.png	
0.05	1.86	56.5	2.78	0.97	142.4	30.0	180.png	
-0.13	0.93	73.33	1.33	0.65	175.76	45.0	181.png	
0.55	0.47	80.33	1.1	0.71	202.98	15.0	182.png	
0.11	1.25	56.17	1.96	0.76	192.1	180.0	183.png	
0.51	0.8	47.75	3.36	1.57	147.22	30.0	184.png	
0.75	0.98	59.0	1.91	1.0	133.17	5.0	185.png	
-0.59	0.07	98.5	0.77	0.93	189.44	30.0	186.png	
0.91	0.8	29.91	3.57	5.0	125.19	15.0	187.png	
-0.06	0.24	80.56	1.61	1.01	141.1	30.0	188.png	
0.46	0.77	71.5	2.3	1.28	161.05	30.0	189.png	
0.27	1.11	71.86	1.73	1.45	154.03	30.0	190.png	
1.42	1.32	68.14	1.42	0.96	156.77	-5.0	191.png	
0.36	1.26	65.88	1.97	1.07	149.0	5.0	192.png	
0.92	2.44	37.33	3.22	1.43	150.6	0.0	193.png	
1.09	0.9	70.83	2.65	1.8	141.23	15.0	194.png	
0.69	11.4	33.86	3.77	1.65	152.6	0.0	195.png	
0.51	6.69	37.5	3.32	1.49	149.92	0.0	196.png	
0.45	7.64	32.57	4.01	1.66	150.49	0.0	197.png	
1.01	0.15	59.13	2.26	1.45	153.91	30.0	198.png	
0.25	7.16	40.5	10.57	1.82	138.38	30.0	200.png	
0.02	1.73	48.5	4.91	1.44	142.41	30.0	201.png	
0.24	0.03	32.5	5.75	2.06	138.57	30.0	202.png	
-0.11	1.03	72.88	1.34	1.33	152.86	30.0	203.png	
0.71	0.82	68.38	1.54	1.6	155.11	15.0	204.png	
0.1	0.08	73.5	1.44	1.1	162.12	30.0	205.png	
0.38	1.4	69.25	1.49	1.13	147.67	30.0	206.png	
0.82	0.01	73.8	1.31	1.55	147.89	30.0	207.png	
-0.12	0.0	69.27	1.44	2.23	146.88	30.0	208.png	
0.79	2.17	51.5	2.76	1.35	126.23	15.0	209.png	
-0.18	3.79	28.0	21.98	3.42	125.74	15.0	210.png	
-0.29	2.87	47.0	3.79	2.3	128.21	5.0	211.png	
-0.28	0.0	78.0	1.12	0.72	190.2	15.0	212.png	
-0.67	0.01	81.5	1.06	0.94	189.1	15.0	213.png	
-0.24	0.03	29.0	3.12	2.96	178.57	0.0	214.png	
-0.1	0.03	35.38	4.89	1.97	177.94	-15.0	215.png	
0.45	0.02	65.63	1.55	1.12	169.94	5.0	216.png	
0.44	0.02	65.89	1.55	1.27	167.85	15.0	217.png	
-0.29	0.01	69.56	1.44	1.16	170.85	15.0	218.png	
-0.24	0.01	83.17	1.38	0.74	184.87	45.0	219.png	
-0.01	0.01	92.8	1.2	0.68	180.62	45.0	220.png	
0.15	0.01	93.67	0.84	1.29	181.06	45.0	221.png	
0.2	0.01	78.0	1.24	1.21	147.75	180.0	222.png	
0.05	0.0	75.25	1.35	1.54	150.29	180.0	223.png	
-0.33	0.01	73.75	1.39	1.53	148.95	180.0	224.png	
-0.18	0.0	42.75	3.65	2.17	140.59	15.0	225.png	
-0.58	0.2	55.36	2.03	1.19	147.89	45.0	226.png	
0.18	0.23	61.88	1.7	1.21	150.24	15.0	227.png	
0.45	1.17	49.75	2.4	1.42	174.3	5.0	228.png	
0.41	1.81	42.0	3.52	2.07	126.75	30.0	229.png	
-0.88	2.36	41.5	4.19	1.46	131.4	45.0	230.png	
0.3	1.26	71.67	1.31	0.81	176.77	-15.0	231.png	
0.07	1.85	49.2	2.27	0.77	204.16	5.0	232.png	
0.34	2.11	43.67	2.71	1.1	187.98	-5.0	233.png	
0.28	2.13	47.89	2.58	1.38	140.86	0.0	234.png	
0.72	0.9	63.1	1.76	1.73	142.09	15.0	235.png	
0.29	0.05	84.78	1.06	1.17	129.87	15.0	236.png	
1.14	0.86	56.86	2.88	2.54	136.51	5.0	237.png	
0.82	0.0	44.43	2.35	0.99	164.23	-15.0	238.png	
0.34	2.04	43.1	3.37	1.76	164.76	-15.0	239.png	
0.6	1.97	55.38	2.44	1.09	165.51	-15.0	240.png	
0.07	2.21	42.0	3.46	1.13	165.29	-15.0	241.png	
0.75	0.11	71.43	1.41	0.81	191.26	5.0	242.png	
0.18	1.22	69.4	1.39	1.16	192.71	5.0	243.png	
0.62	1.33	68.17	1.51	0.98	194.55	15.0	244.png	
0.31	1.34	67.4	1.47	0.94	194.92	5.0	245.png	
0.53	1.45	59.5	1.83	1.28	145.18	5.0	246.png	
0.19	0.81	64.29	1.66	1.03	145.52	5.0	247.png	
-0.02	1.86	44.57	2.84	1.77	143.65	0.0	248.png	
0.03	1.29	55.0	3.43	1.4	146.16	180.0	249.png	
0.63	0.0	65.57	1.67	1.82	143.2	0.0	250.png	
0.3	0.58	64.2	1.28	2.34	147.14	-5.0	251.png	
0.79	0.84	50.14	3.09	2.14	148.31	-5.0	252.png	
-0.08	4.21	54.17	2.28	2.11	145.23	-5.0	253.png	
0.53	0.2	61.22	1.65	0.75	187.54	-5.0	254.png	
0.3	0.16	55.5	1.93	1.17	186.71	-5.0	255.png	
0.13	1.82	52.29	2.1	1.12	185.87	-5.0	256.png	
0.33	1.75	50.33	2.12	1.0	184.74	-5.0	257.png	
0.65	0.12	81.83	1.55	1.54	158.78	180.0	258.png	
0.14	0.66	74.43	1.72	1.19	158.47	180.0	259.png	
0.6	0.69	78.33	1.61	1.43	157.42	0.0	260.png	
0.3	0.54	73.67	1.87	1.61	159.1	180.0	261.png	
0.23	1.03	69.0	1.51	0.96	167.84	-5.0	262.png	
0.46	1.28	63.43	1.74	0.97	165.46	-5.0	263.png	
0.43	1.1	71.56	1.45	1.45	151.92	180.0	264.png	
0.09	1.26	61.75	2.33	1.66	153.69	5.0	265.png	
0.76	1.11	64.0	2.1	1.42	157.29	5.0	266.png	
0.27	0.0	66.0	1.52	1.39	157.17	180.0	267.png	
0.25	0.63	66.57	1.67	2.03	154.68	0.0	268.png	
0.29	1.95	58.0	1.73	0.6	163.98	30.0	270.png	
0.34	1.09	64.09	1.64	0.76	201.22	15.0	271.png	
0.68	0.88	69.0	1.45	1.01	197.43	5.0	272.png	
0.52	2.19	73.13	1.55	0.99	195.67	0.0	273.png	
0.46	0.6	76.88	1.81	0.73	194.4	0.0	274.png	
0.32	0.53	69.88	1.45	0.88	195.89	0.0	275.png	
0.24	1.99	43.67	6.82	1.13	147.4	45.0	276.png	
0.53	1.89	47.0	2.0	1.0	148.05	45.0	277.png	
0.14	1.54	52.0	6.66	0.89	148.11	30.0	278.png	
0.47	1.93	43.43	5.72	1.05	149.16	45.0	279.png	
0.1	1.95	43.17	6.97	1.72	146.8	30.0	280.png	
0.01	0.68	48.89	2.61	1.63	146.23	-15.0	281.png	
-0.21	0.79	50.36	2.07	2.28	170.7	180.0	282.png	
-1.13	0.66	71.0	1.33	0.86	135.48	180.0	283.png	
-0.17	0.3	97.75	0.81	2.66	165.28	30.0	284.png	
0.03	0.59	85.0	1.01	0.91	166.65	180.0	285.png	
0.13	1.94	48.0	2.45	1.12	165.98	30.0	286.png	
0.01	0.91	55.14	2.36	1.58	136.11	0.0	287.png	
-0.35	0.07	88.63	1.49	1.46	160.21	5.0	288.png	
-0.33	0.95	69.5	1.47	1.47	155.34	180.0	289.png	
0.11	1.23	60.36	1.86	1.24	144.8	-5.0	290.png	
-0.15	0.6	87.11	0.95	0.67	133.95	-5.0	291.png	
0.33	1.66	50.14	2.77	1.06	166.44	30.0	292.png	
-0.15	0.08	98.17	1.06	1.13	142.72	0.0	293.png	
-0.29	2.57	90.8	1.25	1.33	150.61	45.0	294.png	
-0.58	0.75	70.43	1.44	1.11	157.27	180.0	295.png	
0.24	0.13	59.45	1.87	1.09	133.02	15.0	296.png	
-0.15	0.51	80.5	1.23	2.86	156.37	30.0	297.png	
0.09	3.13	58.4	1.87	1.27	134.25	-5.0	298.png	
-0.17	1.43	54.0	2.14	1.88	138.0	-5.0	299.png	
-0.69	0.08	86.82	1.08	1.41	154.06	15.0	300.png	
0.16	0.11	70.5	1.23	2.99	152.75	45.0	301.png	
-0.1	5.5	49.86	3.3	1.84	157.93	45.0	302.png	
0.57	0.11	55.91	2.05	1.18	134.98	15.0	303.png	
0.58	2.04	81.22	1.4	1.3	127.71	-5.0	304.png	
-0.18	0.0	53.82	2.22	1.55	137.69	0.0	305.png	
-0.14	0.15	59.83	3.86	1.4	153.03	45.0	306.png	
0.05	0.0	88.5	0.99	1.43	156.0	30.0	307.png	
0.7	2.54	38.25	9.24	3.39	138.1	30.0	308.png	
0.38	1.97	45.67	5.15	3.06	139.6	30.0	309.png	
0.0	0.09	76.89	1.86	1.74	155.61	5.0	310.png	
0.12	1.83	45.88	2.63	1.4	166.99	30.0	311.png	
0.04	7.45	56.0	4.16	2.31	156.91	15.0	312.png	
0.03	0.78	73.14	1.32	0.68	157.3	0.0	313.png	
0.23	0.74	68.63	1.86	2.11	140.35	5.0	314.png	
-0.46	1.48	78.2	1.23	1.49	143.93	5.0	315.png	
-0.18	0.05	59.38	1.85	1.47	140.71	45.0	316.png	
0.14	1.25	66.4	1.56	0.8	154.73	5.0	317.png	
0.38	1.75	51.0	3.31	1.3	135.6	-5.0	319.png	
-0.16	4.19	52.56	2.4	1.18	141.34	180.0	320.png	
0.64	3.93	51.4	5.33	1.93	130.58	-5.0	321.png	
-0.25	2.12	53.88	2.53	1.2	141.03	180.0	322.png	
0.62	0.0	34.75	10.26	3.04	132.7	-5.0	323.png	
0.43	0.0	73.89	1.38	0.83	181.92	30.0	324.png	
-0.04	5.02	58.4	1.7	1.14	147.61	15.0	325.png	
0.19	1.01	85.0	1.04	1.15	159.8	15.0	326.png	
0.2	0.59	64.22	1.67	1.25	143.69	30.0	327.png	
0.98	1.91	45.14	3.78	1.99	147.21	-5.0	328.png	
0.36	1.48	53.9	2.16	1.34	154.85	30.0	329.png	
0.02	1.82	63.2	1.71	1.78	144.15	-5.0	330.png	
-0.14	6.3	54.0	0.56	1.51	171.17	-30.0	331.png	
0.36	0.0	68.86	1.47	1.51	137.47	-5.0	332.png	
0.34	1.15	75.83	1.21	0.74	191.08	30.0	333.png	
-0.04	0.92	63.17	2.14	1.95	137.07	15.0	334.png	
0.12	0.23	55.5	2.03	1.96	167.23	30.0	335.png	
0.0	0.67	76.5	1.26	1.52	145.48	30.0	336.png	
0.1	2.62	62.13	1.67	1.63	153.8	-15.0	337.png	
-0.29	0.97	65.75	1.55	1.39	135.11	-5.0	338.png	
-0.07	0.1	76.25	1.23	1.64	190.05	30.0	339.png	
-0.34	0.77	69.86	2.24	1.24	136.08	15.0	340.png	
0.18	1.52	55.89	2.01	1.52	167.99	30.0	341.png	
-0.01	0.76	74.56	1.3	1.4	146.28	30.0	342.png	
-0.1	2.96	63.22	1.66	1.88	155.02	-30.0	343.png	
0.34	1.08	77.88	1.23	0.65	206.73	15.0	344.png	
-0.1	0.99	63.86	1.7	1.21	131.36	-5.0	345.png	
0.22	0.85	68.14	1.51	0.68	189.78	30.0	346.png	
-0.55	0.34	71.0	1.17	1.41	139.36	15.0	347.png	
-0.06	0.26	60.78	1.84	1.44	183.31	30.0	348.png	
-0.06	0.48	79.25	1.24	0.64	146.33	30.0	349.png	
-0.14	0.4	57.63	1.76	1.69	156.48	-30.0	350.png	
0.14	0.0	67.2	2.55	1.19	135.36	-5.0	351.png	
-0.14	0.13	74.78	1.27	1.13	189.4	30.0	352.png	
-1.22	0.0	66.5	5.29	1.66	133.92	15.0	353.png	
0.45	0.79	57.3	1.92	1.3	164.77	30.0	354.png	
0.58	0.29	73.09	1.39	1.37	144.58	30.0	355.png	
0.01	1.33	63.78	1.7	1.85	133.2	-5.0	356.png	
0.19	0.62	76.38	1.25	0.73	191.18	30.0	357.png	
-0.15	0.43	60.33	2.52	2.53	135.38	15.0	358.png	
-0.27	0.0	54.0	2.16	0.89	168.76	30.0	359.png	
0.2	0.36	71.8	1.47	0.94	144.54	30.0	360.png	
-0.14	3.5	41.45	2.66	3.06	154.42	-30.0	361.png	
0.24	1.64	54.14	3.48	1.32	136.06	-5.0	362.png	
0.1	0.25	76.11	1.28	1.31	187.88	30.0	363.png	
0.26	0.0	62.83	2.43	1.85	132.7	15.0	364.png	
-0.06	0.6	62.9	1.75	1.26	186.9	30.0	365.png	
0.8	0.0	74.6	1.39	0.72	142.33	30.0	366.png	
0.08	2.9	55.91	1.81	2.15	152.4	-30.0	367.png	
0.1	0.16	63.0	2.5	1.97	136.94	-5.0	368.png	
-0.08	0.14	79.88	1.13	1.08	188.8	45.0	369.png	
-0.86	0.13	77.8	1.23	1.52	136.68	15.0	370.png	
-0.13	0.17	70.13	1.45	0.92	180.48	30.0	371.png	
0.15	0.1	87.63	0.93	0.67	145.45	30.0	372.png	
0.1	0.05	66.11	1.56	1.52	153.81	-15.0	373.png	
-0.38	0.25	48.38	2.48	2.18	137.72	-5.0	374.png	
0.08	0.12	74.13	1.3	1.26	189.23	45.0	375.png	
-0.23	0.24	62.0	3.21	1.35	136.78	15.0	376.png	
0.28	0.32	61.56	1.76	1.32	183.23	30.0	377.png	
-0.23	0.22	74.22	1.3	1.95	144.91	30.0	378.png	
-0.12	0.29	59.33	1.78	1.56	155.04	-30.0	379.png	
0.26	0.21	66.63	1.88	1.71	136.01	-5.0	380.png	
0.26	0.26	81.56	1.16	0.64	188.55	45.0	381.png	
0.29	0.12	68.14	2.36	2.06	136.32	15.0	382.png	
0.1	0.15	66.73	1.64	0.84	176.15	30.0	383.png	
0.25	0.15	84.9	1.09	0.62	144.63	30.0	384.png	
0.19	0.23	47.23	1.76	2.25	155.56	-30.0	385.png	
0.08	1.13	49.57	3.02	2.3	134.67	-5.0	386.png	
-0.03	0.13	78.0	1.26	1.46	188.52	30.0	387.png	
0.22	1.78	59.67	2.68	1.91	132.99	15.0	388.png	
-0.13	1.14	56.38	2.02	1.68	164.91	30.0	389.png	
-0.01	1.02	88.0	1.0	0.62	143.79	30.0	390.png	
-0.07	0.68	62.88	1.63	1.22	153.26	-15.0	391.png	
0.32	0.39	51.0	2.09	2.08	145.69	-5.0	392.png	
-0.26	0.15	39.38	3.29	2.13	149.15	-5.0	393.png	
1.09	3.79	50.38	2.35	1.39	139.64	-5.0	394.png	
0.52	2.21	50.17	2.25	1.55	179.94	180.0	395.png	
-0.07	0.67	76.17	1.64	1.01	152.69	-5.0	396.png	
0.21	5.42	53.5	1.91	0.81	161.95	-5.0	397.png	
0.92	0.61	70.71	1.41	0.71	166.57	-5.0	398.png	
-0.27	0.0	65.0	1.6	1.19	154.6	-15.0	399.png	
-0.04	0.19	48.0	4.5	3.23	140.33	5.0	400.png	
2.38	0.07	98.5	0.71	1.82	138.86	180.0	401.png	
-0.06	0.12	65.5	1.65	1.77	166.99	30.0	402.png	
0.66	0.1	81.33	1.78	0.82	167.6	30.0	403.png	
-0.54	0.18	51.0	2.75	2.81	167.12	15.0	404.png	
-0.37	0.21	47.2	2.5	2.64	172.76	15.0	405.png	
0.25	0.0	52.14	2.21	2.03	157.56	-5.0	406.png	
0.13	0.79	86.14	0.99	1.56	151.65	0.0	407.png	
-0.02	1.61	55.14	2.0	1.04	174.46	5.0	408.png	
-0.01	0.17	58.83	1.79	1.02	178.67	5.0	409.png	
0.15	0.81	64.17	2.09	1.95	168.66	30.0	410.png	
0.78	2.85	44.25	2.32	0.67	165.47	180.0	411.png	
0.26	3.58	38.5	2.51	0.87	165.36	0.0	412.png	
0.87	0.0	62.5	1.77	1.85	155.82	0.0	413.png	
0.46	0.07	76.56	1.03	1.4	153.25	0.0	414.png	
0.25	0.13	53.6	2.81	1.6	142.65	15.0	415.png	
0.5	0.0	55.17	1.97	1.46	138.18	15.0	416.png	
0.21	0.13	68.25	1.55	1.15	148.17	-15.0	417.png	
0.06	0.08	75.29	1.31	0.71	148.86	-5.0	418.png	
-0.23	1.08	65.71	1.26	2.15	159.25	15.0	419.png	
0.08	0.0	69.0	1.53	1.53	162.22	15.0	420.png	
-0.4	0.0	59.89	1.88	1.4	142.96	-5.0	421.png	
-0.39	0.67	64.25	2.21	1.65	148.76	45.0	423.png	
-0.04	0.1	84.0	1.43	1.26	148.03	5.0	424.png	
-0.05	0.09	68.14	1.85	0.93	198.4	30.0	425.png	
0.16	3.37	75.86	0.91	1.71	144.13	5.0	426.png	
-0.31	0.41	89.17	1.22	1.13	153.89	5.0	427.png	
0.95	0.0	19.33	6.17	4.64	124.28	-5.0	428.png	
0.0	1.38	34.0	1.91	1.76	152.93	45.0	429.png	
0.14	0.12	48.71	2.37	1.32	167.35	30.0	430.png	
2.32	1.53	56.25	3.46	1.31	155.43	15.0	431.png	
-0.17	0.0	88.43	1.01	3.64	154.45	30.0	432.png	
0.1	0.0	67.29	1.48	1.17	157.75	-5.0	433.png	
0.51	1.58	60.57	1.75	0.78	131.98	15.0	434.png	
0.06	5.46	35.0	2.66	2.96	121.19	-5.0	435.png	
0.05	0.0	60.2	4.6	1.49	159.26	15.0	436.png	
0.19	2.25	70.38	1.51	1.26	138.04	15.0	437.png	
-0.23	0.0	64.71	1.58	1.08	156.28	180.0	438.png	
-0.31	0.55	84.83	1.0	1.71	145.81	30.0	439.png	
0.28	1.25	51.29	2.22	1.4	133.05	15.0	440.png	
0.13	0.16	43.13	2.8	1.26	148.01	30.0	441.png	
6.85	0.0	110.5	2.92	1.6	146.2	5.0	442.png	
0.17	0.13	55.5	2.34	1.47	135.67	-5.0	443.png	
0.09	0.0	61.14	1.85	1.73	136.28	-5.0	444.png	
0.63	0.09	56.5	3.09	1.9	157.95	15.0	445.png	
0.22	0.25	28.33	5.04	3.39	122.29	-5.0	446.png	
0.49	0.23	55.6	4.15	5.1	143.53	180.0	447.png	
-0.43	0.0	63.5	1.5	0.61	139.48	30.0	448.png	
-0.36	0.0	64.0	1.57	0.59	142.63	30.0	449.png	
0.1	0.0	57.43	1.88	0.69	185.79	-5.0	450.png	
-0.18	0.0	67.5	1.53	1.28	162.97	15.0	451.png	
-0.01	0.0	72.25	1.35	1.32	155.43	15.0	452.png	
0.06	0.0	48.0	2.56	1.53	141.76	0.0	453.png	
0.67	0.0	58.86	2.96	1.67	136.46	5.0	454.png	
-0.45	0.04	71.71	1.31	0.92	186.99	-15.0	455.png	
-0.11	0.06	68.43	1.37	0.63	186.2	-15.0	456.png	
-0.28	0.04	46.0	2.63	1.03	150.6	-5.0	457.png	
0.23	0.0	56.57	1.9	1.24	148.86	-5.0	458.png	
0.18	0.54	85.14	1.01	0.64	184.19	15.0	459.png	
0.12	0.06	72.13	1.36	0.71	167.5	15.0	460.png	
-0.98	2.35	46.0	12.01	2.74	133.53	30.0	461.png	
0.59	0.03	59.0	5.68	2.23	131.71	30.0	462.png	
0.22	0.17	45.75	5.52	1.27	132.96	-15.0	463.png	
-0.25	2.43	41.5	3.03	1.52	126.22	-15.0	464.png	
0.05	0.23	44.0	25.3	1.16	145.25	-5.0	465.png	
-0.26	0.21	48.75	4.51	1.71	144.47	180.0	467.png	
-0.08	2.07	58.0	1.76	1.08	141.59	180.0	468.png	
0.56	0.02	64.55	1.73	1.82	148.13	-5.0	469.png	
-0.1	0.86	72.5	1.84	0.98	143.55	15.0	470.png	
0.67	0.21	47.0	2.39	1.08	164.68	-5.0	471.png	
0.23	1.55	44.0	3.01	2.1	162.11	180.0	472.png	
0.11	0.35	51.0	2.24	1.03	167.13	-5.0	473.png	
0.16	1.68	32.71	4.11	2.75	132.34	180.0	474.png	
0.05	0.56	85.44	1.11	1.19	162.29	5.0	476.png	
0.35	0.78	67.0	3.18	1.75	134.04	5.0	477.png	
0.09	0.0	77.0	1.82	1.44	134.27	5.0	478.png	
0.25	1.18	71.11	1.4	1.54	160.16	5.0	479.png	
-0.15	0.21	51.33	2.11	0.85	151.16	-5.0	480.png	
0.27	0.2	50.63	2.23	1.34	143.08	-5.0	481.png	
0.77	2.17	50.71	2.15	0.65	150.17	-15.0	482.png	
-0.31	0.97	52.5	1.98	0.68	146.52	-15.0	483.png	
-0.54	1.5	62.13	2.68	1.34	164.22	-5.0	484.png	
0.21	1.67	38.29	3.19	1.3	151.2	-5.0	485.png	
-0.25	0.0	38.5	3.08	0.88	151.17	-5.0	486.png	
0.12	1.1	65.33	1.53	0.8	167.39	-15.0	487.png	
-0.35	1.09	60.71	1.73	1.1	172.48	-15.0	488.png	
0.44	0.1	61.71	1.62	1.16	169.74	15.0	489.png	
0.82	0.0	58.14	2.36	2.11	179.71	0.0	490.png	
0.24	0.0	63.56	1.66	0.69	162.03	15.0	491.png	
0.05	1.05	67.78	1.5	2.06	170.43	15.0	492.png	
0.72	0.0	65.88	1.55	0.98	169.68	30.0	493.png	
-0.02	0.98	73.4	1.79	0.74	135.94	15.0	494.png	
0.09	0.0	44.5	2.6	1.95	146.91	-5.0	495.png	
-0.03	0.0	70.67	1.45	1.12	189.93	15.0	496.png	
-0.09	0.09	68.78	1.77	0.91	201.53	30.0	497.png	
0.33	0.0	81.25	1.44	1.23	149.3	30.0	498.png	
0.52	0.56	62.6	1.72	1.03	136.67	15.0	499.png	
0.13	0.13	67.78	1.82	1.18	200.44	30.0	500.png	
0.56	0.73	88.2	2.2	2.44	157.0	30.0	501.png	
0.93	1.24	59.57	1.83	1.03	132.63	30.0	502.png	
0.51	1.02	67.8	1.5	0.7	137.2	15.0	503.png	
0.4	0.9	84.57	1.13	5.52	146.44	-15.0	504.png	
-0.15	0.75	76.88	1.22	0.55	171.85	45.0	505.png	
0.02	3.82	74.0	1.61	0.9	204.44	30.0	506.png	
-0.63	0.59	70.83	1.45	0.64	137.73	15.0	507.png	
0.5	0.16	55.43	3.05	2.01	134.68	30.0	508.png	
-0.69	0.09	86.22	1.03	1.8	177.3	45.0	509.png	
0.07	3.86	73.67	1.31	0.89	205.96	30.0	510.png	
0.23	0.08	75.88	1.67	3.06	157.24	30.0	511.png	
0.44	0.0	85.2	1.09	5.78	147.93	-15.0	512.png	
-0.13	0.95	79.8	1.16	1.22	191.03	15.0	513.png	
0.09	1.46	59.4	1.8	0.77	139.04	15.0	514.png	
-0.29	0.92	86.55	1.02	3.94	175.62	45.0	515.png	
-0.09	2.27	43.67	6.06	2.16	148.26	-5.0	516.png	
-0.21	0.48	71.38	1.04	1.94	131.65	30.0	517.png	
0.0	0.88	74.25	1.01	5.63	147.0	-30.0	518.png	
0.89	0.08	89.7	1.02	2.39	158.46	30.0	519.png	
0.22	0.1	79.78	1.45	2.35	150.79	45.0	520.png	
0.47	0.76	72.17	1.37	0.98	191.48	15.0	521.png	
0.36	0.81	72.63	1.4	0.88	160.02	5.0	523.png	
-0.53	0.76	75.88	1.27	0.63	160.4	5.0	524.png	
-0.08	0.41	82.27	1.13	0.98	161.12	5.0	525.png	
0.47	0.85	74.44	1.33	0.65	159.56	5.0	526.png	
-0.61	0.03	67.4	1.6	1.74	158.33	5.0	527.png	
-0.1	0.92	74.0	1.33	1.08	161.1	5.0	528.png	
-0.16	0.97	75.0	1.25	1.02	161.54	5.0	529.png	

